GR	ROPA	PE	CALX	Rt	Rxo	CNC	DT12	ZDEN
43.368	16.811	3.6	205.396	43.026	27.672	13.142	234.608	2.663
43.364	16.811	3.6	205.396	43.625	28.544	12.602	238.074	2.663
43.364	16.811	3.6	205.345	43.625	28.544	12.338	239.767	2.663
43.364	16.811	3.569	205.321	43.625	28.544	12.338	253.912	2.663
43.364	16.811	3.554	205.321	43.625	28.544	12.338	260.82	2.658
45.112	16.811	3.554	205.321	41.037	27.091	12.338	265.892	2.655
37.966	12.947	4.517	207.407	46.083	34.834	11.524	231.867	2.653
40.023	11.591	3.991	207.382	42.409	32.473	12.16	235.227	2.653
40.023	11.591	3.696	207.382	42.409	32.473	12.471	235.227	2.64
40.023	11.591	3.677	207.382	42.409	32.473	12.471	235.227	2.634
40.023	11.591	3.677	207.305	42.409	32.473	12.471	242.448	2.634
50.164	11.591	3.677	207.267	42.409	18.985	12.471	245.974	2.634
54.455	8.705	3.677	208.79	24.592	12.398	12.471	245.974	2.634
54.131	8.705	3.731	209.533	16.917	12.343	13.784	246.026	2.634
54.131	8.705	3.758	209.533	17.418	12.315	13.827	246.84	2.634
54.131	9.211	3.929	209.533	17.418	12.315	13.534	247.225	2.634
51.822	9.211	4.012	209.533	21.064	12.492	13.534	251.568	2.623
43.788	9.211	4.074	209.533	22.845	12.578	13.113	253.689	2.617
40.414	9.211	4.105	211.015	28.264	12.033	12.907	253.689	2.617
40.414	9.211	4.105	211.738	30.911	11.766	12.907	253.689	2.617
37.417	9.211	4.105	211.738	30.911	11.766	11.866	247.381	2.625
35.953	9.211	4.105	211.738	30.911	11.766	11.073	244.3	2.629
35.953	9.211	4.316	212.275	44.637	15.988	10.934	244.3	2.629
35.953	10.493	4.419	212.537	51.34	18.05	10.934	244.3	2.629
33.658	10.493	4.419	212.537	51.34	18.05	10.934	226.273	2.662
57.6	17.297	2.92	203.104	18.366	17.761	14.223	248.599	2.641
68.34	17.297	2.92	203.104	17.254	15.988	15.598	248.599	2.641
73.585	17.297	2.92	203.104	17.254	15.988	16.269	248.599	2.641
73.585	17.297	2.92	203.104	17.254	15.988	16.269	248.599	2.629
73.585	15.006	2.92	202.934	17.254	15.988	16.269	248.599	2.623
73.585	15.006	3.036	202.851	17.254	15.988	16.269	248.599	2.623
71.529	15.006	3.092	202.851	17.254	15.988	16.269	259.752	2.624
70.525	15.006	3.092	202.851	18.418	13.362	17.228	265.199	2.625
70.525	13.077	3.092	202.851	18.986	12.08	17.697	265.199	2.625
70.525	13.077	3.092	202.851	18.986	12.08	17.697	265.199	2.625
70.525	13.077	3.311	202.469	18.986	12.08	17.697	265.199	2.624
70.525	13.077	3.418	202.283	23.604	14.488	17.697	250.656	2.624
70.525	14.014	3.418	202.283	25.859	15.664	17.697	243.554	2.624
43.594	14.014	3.418	202.283	25.38	15.014	14.919	243.554	2.624
66.136	15.152	3.131	229.165	297.273	210.772	13.023	224.523	2.632
66.136	15.152	3.131	229.165	292.178	146.405	13.023	250.453	2.632
66.136	15.152	3.019	229.165	233.649	146.405	13.023	250.453	2.632
66.136	15.152	2.897	229.165	233.649	146.405	13.023	250.453	2.63
66.839	15.152	2.897	229.165	223.896	146.405	13.023	250.453	2.61
74.908	15.152	2.897	229.165	109.333	146.405	13.205	250.453	2.61
74.908	15.152	2.897	229.315	80.333	146.405	15.295	252.924	2.61
74.908	11.189	2.897	231.043	80.333	146.405	15.295	281.315	2.61
74.908	11.189	2.897	231.043	80.333	146.405	15.295	281.315	2.61
74.908	11.189	2.897	231.043	80.333	146.405	15.29	281.315	2.61
75.047	11.189	2.95	231.014	80.373	135.886	15.226	280.767	2.606
76.648	10.375	3.007	230.682	80.828	15.044	15.226	274.47	2.551
76.648	10.375	3.007	230.682	80.828	15.044	15.226	274.47	2.551
76.648	10.375	3.007	230.682	80.828	15.044	15.226	274.47	2.551
76.648	10.375	3.007	230.682	107.301	17.226	15.226	274.47	2.551
76.648	18.983	3.087	230.291	411.414	42.288	15.448	274.47	2.546
74.703	18.983	3.172	225.795	411.414	42.288	18.005	274.47	2.492
52.361	18.983	3.172	225.795	411.414	42.288	18.005	278.072	2.492
52.361	18.983	3.172	225.795	411.414	42.288	18.005	319.451	2.492
52.361	20.657	3.294	225.795	411.414	42.288	18.005	319.451	2.492
52.361	20.657	3.425	225.795	411.414	42.288	17.785	319.071	2.492
28.069	12.176	3.605	203.47	34.36	33.271	11.21	236.235	2.651
28.069	12.176	3.67	203.471	34.36	33.271	11.21	236.235	2.651
27.524	14.264	3.701	203.471	34.36	33.271	11.21	236.235	2.65
27.258	14.264	3.701	203.471	30.693	33.271	10.834	244.272	2.649
27.258	14.264	3.868	203.471	28.902	33.271	10.65	248.197	2.649
27.258	14.264	3.994	203.471	28.902	37.932	10.65	246.43	2.649
27.414	14.264	4.015	203.431	28.902	40.209	10.65	245.567	2.649
27.49	18.471	4.015	203.412	28.902	40.209	10.65	242.074	2.649
27.49	18.471	4.015	203.412	35.09	49.728	10.65	240.369	2.649
27.49	18.471	4.015	203.412	38.112	54.376	9.402	240.369	2.67
51.594	16.136	3.401	203.989	34.7	42.324	10.939	230.705	2.665
52.716	16.136	3.401	203.989	30.642	35.694	11.279	232.502	2.665
52.716	15.785	3.57	203.989	28.66	32.455	11.484	232.502	2.665
52.716	15.785	3.652	204.097	28.66	32.455	11.585	232.502	2.665
52.716	15.785	3.652	204.15	28.66	32.455	11.585	235.275	2.665
49.129	15.785	3.652	204.15	34.185	38.386	11.585	236.629	2.668
47.377	14.073	3.856	204.15	36.884	41.283	11.203	236.629	2.669
47.377	14.073	3.956	204.132	36.884	41.283	11.016	236.629	2.669
27.507	14.997	2.753	215.142	12.227	17.869	19.454	249.087	2.489
27.507	14.997	2.638	215.171	11.205	17.869	19.454	255.91	2.489
31.818	14.997	2.638	215.171	11.205	11.683	19.454	255.91	2.489
35.198	14.997	2.416	215.171	11.205	6.833	19.454	255.91	2.489
35.198	14.997	2.378	215.382	10.041	5.904	19.454	284.908	2.441
35.198	14.997	2.378	215.548	9.129	5.176	20.937	307.642	2.404
38.157	14.997	2.378	215.548	9.129	5.176	22.1	307.642	2.404
40.478	14.997	2.378	215.548	9.129	5.176	22.1	319.451	2.404
40.478	14.997	2.378	215.548	9.129	5.176	22.1	328.709	2.404
40.478	17.118	2.378	215.548	9.129	5.176	22.1	328.709	2.404
46.406	17.118	2.378	215.622	9.129	5.176	29.825	328.709	2.404
51.054	17.118	2.378	215.68	9.129	5.176	35.881	328.709	2.299
50.87	17.118	1.863	215.68	5.326	2.918	35.881	328.709	2.217
50.726	17.118	1.776	215.68	2.346	1.147	35.881	328.709	2.217
50.726	17.118	1.78	215.88	20.132	1.13	36.52	328.709	2.217
50.726	17.118	1.781	216.037	34.077	1.117	37.021	362.756	2.211
48.992	17.118	1.778	216.064	34.077	1.117	37.021	389.448	2.206
47.633	24.028	1.777	216.085	34.077	1.088	37.711	389.448	2.193
47.633	24.028	2.514	216.085	34.077	1.067	38.253	390.183	2.199
47.633	24.028	2.638	216.085	34.077	1.069	37.997	390.76	2.211
47.633	24.028	2.638	216.128	34.077	1.069	37.796	390.76	2.211
47.633	24.028	2.638	216.161	34.077	1.091	37.796	386.82	2.211
47.633	24.028	2.638	216.161	34.077	4.372	37.547	383.731	2.211
43.79	24.028	2.638	216.217	34.077	6.93	37.352	383.731	2.211
40.778	24.028	2.638	216.261	34.077	6.93	29.838	383.731	2.211
40.778	23.489	2.933	216.261	34.077	6.93	23.947	383.731	2.231
40.778	23.489	2.983	216.221	34.077	6.93	23.947	383.731	2.247
39.457	23.489	2.983	216.191	34.077	6.93	23.947	347.621	2.247
38.422	23.489	2.983	216.191	34.077	6.93	23.947	319.312	2.317
38.422	20.804	2.983	215.444	34.077	6.93	23.947	319.312	2.372
38.422	20.804	3.471	214.859	34.077	6.93	23.947	319.312	2.372
34.872	20.804	3.554	214.859	34.077	6.93	23.947	319.312	2.372
32.09	20.804	3.554	214.859	34.077	6.93	21.821	291.63	2.372
32.09	21.689	3.622	214.219	38.577	6.93	20.155	269.929	2.408
58.662	43.866	2.129	216.772	41.79	22.584	21.783	253.824	2.502
61.751	38.636	1.957	216.772	41.79	22.584	24.25	253.824	2.502
61.751	38.636	1.803	216.772	41.79	22.584	24.25	281.256	2.502
61.751	38.636	1.803	216.808	26.438	14.094	24.623	305.844	2.424
63.127	38.636	1.803	216.84	12.678	6.485	24.957	305.844	2.353
64.361	38.636	1.803	216.84	12.78	6.396	25.596	302.48	2.353
64.361	38.636	1.84	216.847	12.871	6.316	26.168	299.464	2.353
64.361	38.636	1.873	216.853	12.871	6.316	26.385	303.422	2.353
64.361	38.636	1.873	216.853	12.345	5.924	26.579	306.969	2.343
61.647	22.443	1.873	216.851	11.873	5.573	26.579	308.184	2.334
59.215	22.443	1.873	216.85	11.873	5.573	27.482	309.274	2.334
59.215	22.443	1.839	216.85	11.873	5.573	28.291	310.074	2.334
59.215	22.443	1.808	216.869	11.873	5.573	28.291	310.791	2.334
60.271	22.443	1.808	216.886	11.873	5.573	28.291	310.791	2.333
61.218	23.557	1.808	216.886	11.092	5.22	28.536	314.993	2.332
61.218	23.557	1.808	216.863	10.392	4.904	28.755	318.76	2.332
61.218	23.557	1.808	216.843	10.392	4.904	28.755	318.76	2.332
61.218	23.557	1.808	216.843	10.392	4.904	28.755	318.76	2.332
63.456	25.399	1.808	216.843	10.812	5.151	28.907	318.147	2.332
65.462	25.399	1.874	216.843	11.188	5.373	29.042	317.598	2.332
65.462	25.399	1.933	216.843	11.188	5.373	29.042	317.598	2.336
65.462	25.399	1.933	216.843	11.188	5.373	28.817	317.598	2.339
65.462	21.732	1.933	216.792	11.188	5.373	28.614	317.598	2.339
65.462	21.732	1.933	216.746	11.188	5.373	28.579	317.598	2.339
65.462	21.732	2.013	216.746	11.188	5.373	25.438	314.867	2.339
63.923	21.732	2.085	216.823	10.327	5.214	22.651	312.419	2.339
68.063	21.732	2.085	216.892	9.555	5.072	22.651	312.419	2.331
73.01	20.158	2.418	216.892	9.555	5.072	22.651	310.142	2.394
73.01	20.158	2.716	216.937	8.828	4.857	22.651	308.101	2.456
73.01	20.158	2.716	216.977	8.176	4.665	22.651	308.101	2.456
75.314	60.857	2.716	216.977	13.93	8.047	22.651	311.119	2.456
77.379	60.857	2.881	216.977	19.088	11.079	22.651	313.825	2.456
77.379	60.857	3.028	216.975	19.088	11.079	22.651	313.825	2.456
40.301	13.117	3.69	202.687	38.212	32.024	10.591	228.494	2.671
42.831	13.117	3.598	202.747	31.891	26.351	10.795	231.458	2.671
42.831	13.117	3.552	202.776	28.805	23.581	10.795	231.458	2.671
42.831	13.117	3.552	202.776	28.805	23.581	10.795	231.458	2.658
43.925	13.117	3.552	202.776	28.805	23.581	10.795	236.778	2.651
44.46	12.212	3.552	202.685	35.647	25.036	11.079	239.377	2.653
44.46	12.212	3.552	202.641	38.989	25.747	11.218	239.377	2.654
44.46	12.212	3.552	202.641	38.989	25.747	11.218	239.377	2.656
44.46	12.212	3.552	202.641	38.989	25.747	11.098	239.377	2.657
48.142	12.863	3.158	206.272	19.765	13.414	14.737	243.37	2.604
48.142	12.863	3.158	206.272	19.765	12.354	14.737	243.37	2.604
48.142	10.821	3.158	206.272	19.326	11.836	15.321	254.684	2.604
52.781	10.821	3.224	206.272	19.111	11.836	15.605	260.21	2.604
55.047	10.821	3.256	206.272	19.111	11.836	15.605	260.21	2.585
55.047	10.821	3.256	206.188	19.111	11.836	15.605	260.21	2.576
55.047	10.821	3.256	206.147	19.111	11.836	15.605	259.884	2.576
55.047	10.821	3.356	206.147	19.111	11.836	15.605	259.724	2.576
55.047	10.821	3.405	206.147	19.111	11.836	15.338	259.724	2.613
51.143	12.011	3.405	206.147	21.876	14.155	15.207	242.4	2.631
49.236	12.011	3.405	205.773	23.226	15.287	15.207	233.939	2.637
49.236	12.011	3.477	205.59	23.226	15.287	15.207	230.726	2.64
52.712	11.264	3.576	204.572	15.239	12.425	13.113	260.449	2.62
52.712	11.264	3.576	204.354	15.239	12.425	13.174	260.449	2.62
52.712	11.264	3.576	204.248	15.239	12.425	13.174	260.449	2.62
52.712	11.264	3.576	204.248	15.239	12.425	13.174	238.142	2.62
52.712	11.264	3.801	204.21	17.558	14.803	13.174	227.248	2.62
38.324	11.264	3.911	204.192	18.69	15.964	13.174	227.248	2.62
31.297	11.264	3.911	204.192	18.136	15.964	12.507	229.404	2.62
34.944	14.391	3.889	203.61	35.076	33.114	10.256	233.455	2.658
34.944	14.391	3.876	203.61	35.076	33.114	10.256	233.455	2.658
35.243	14.391	3.87	203.61	29.534	26.243	10.256	232.547	2.652
35.389	14.391	3.87	203.61	26.828	22.888	10.515	232.104	2.65
32.77	14.391	3.87	203.61	26.828	22.888	10.641	230.236	2.65
31.491	14.391	3.87	203.61	31.536	27.174	10.641	229.324	2.65
30.607	14.391	3.836	203.624	33.835	29.267	10.641	229.324	2.65
36.197	11.549	3.328	204.02	29.065	21.267	13.468	248.012	2.601
36.197	11.549	3.262	204.025	29.065	21.267	13.468	252.109	2.601
36.197	11.53	3.262	204.025	29.065	21.267	13.468	254.111	2.601
39.225	11.53	3.262	204.025	29.065	21.267	13.468	254.111	2.597
40.704	11.53	3.262	203.664	29.065	21.267	14.115	254.111	2.595
40.704	11.53	3.262	203.488	30.943	17.651	14.431	249.33	2.595
40.704	14.202	3.262	203.488	31.86	15.885	14.431	246.996	2.595
44.515	14.202	3.382	203.488	31.86	15.885	14.431	246.996	2.595
46.376	14.202	3.44	203.422	32.558	15.885	14.431	249.429	2.595
46.376	14.202	3.44	203.39	32.898	16.908	13.089	250.618	2.638
46.376	14.261	3.44	203.39	32.898	17.407	12.434	250.618	2.658
46.376	14.261	3.44	203.39	32.898	17.407	12.434	250.618	2.658
43.774	14.261	3.44	203.39	32.898	17.407	12.434	250.307	2.658
42.503	14.261	3.44	203.39	39.168	23.638	11.832	250.155	2.658
64.595	4.085	2.316	222.416	2.672	2.5	28.896	308.827	2.49
64.595	4.085	2.316	221.823	2.64	2.436	28.896	308.827	2.479
65.551	4.085	2.256	221.359	2.615	2.386	29.16	308.269	2.479
66.3	4.085	2.246	221.359	2.615	2.386	29.366	307.832	2.479
66.3	4.085	2.246	221.359	2.5	2.386	29.366	307.832	2.479
66.3	3.818	2.246	221.359	2.375	2.386	29.624	307.832	2.452
64.307	3.818	2.246	221.359	2.349	2.386	29.826	304.544	2.433
62.744	3.818	2.246	221.359	2.349	2.386	29.826	301.966	2.435
62.744	3.818	2.246	221.359	2.349	2.386	30.115	301.966	2.44
62.744	3.818	2.246	220.312	2.349	2.386	30.341	305.882	2.444
62.744	3.832	2.18	219.491	2.277	2.135	30.341	308.952	2.444
62.744	3.832	2.169	219.547	2.22	1.938	29.848	306.623	2.444
64.098	3.832	2.169	219.591	2.22	1.938	29.462	303.995	2.453
65.159	3.832	2.169	219.591	2.22	1.938	29.493	303.367	2.459
65.159	3.602	2.044	219.591	2.22	1.999	29.518	303.367	2.459
62.465	3.602	2.023	219.591	2.22	2.047	29.518	303.914	2.459
60.353	3.602	2.023	219.616	2.22	2.047	29.576	304.342	2.457
60.353	3.602	2.023	219.636	2.22	2.047	29.622	304.342	2.456
60.353	3.602	1.993	219.636	2.22	2.047	29.622	304.189	2.456
60.353	3.602	1.988	219.636	2.22	2.047	29.622	304.068	2.456
60.353	3.602	1.988	219.628	2.22	2.047	29.541	304.068	2.453
59.118	3.602	1.988	219.621	2.165	2.009	29.478	304.068	2.451
58.15	3.602	1.988	219.621	2.121	1.979	29.478	303.315	2.451
58.15	3.602	1.988	219.621	2.121	1.979	29.478	302.724	2.451
58.15	3.602	1.988	219.586	2.121	1.979	29.478	302.724	2.441
58.15	3.602	1.988	219.559	2.121	1.979	29.478	304.742	2.434
58.65	3.602	1.888	219.58	2.121	1.979	29.301	306.323	2.434
59.042	3.602	1.871	219.597	2.039	2.027	29.162	306.323	2.434
59.042	3.602	1.877	219.61	1.976	2.064	29.162	305.256	2.42
59.042	3.416	1.878	219.62	2.015	2.064	29.162	304.42	2.409
59.042	3.416	1.878	219.62	2.045	2.064	29.44	304.42	2.409
58.565	3.416	1.878	219.838	2.046	2.064	29.658	305.809	2.409
58.192	3.416	1.922	220.009	2.047	2.064	29.658	306.899	2.409
55.497	3.416	1.93	220.009	2.024	2.149	29.317	316.848	2.409
53.383	9.755	1.93	220.009	2.005	2.216	29.05	324.648	2.409
52.542	9.755	1.93	220.009	2.005	2.216	29.05	324.648	2.409
51.883	9.755	1.859	220.009	2.009	2.186	28.866	329.16	2.409
51.883	9.755	1.847	220.118	2.012	2.163	28.721	332.698	2.367
50.909	9.755	1.847	220.204	2.012	2.163	28.721	332.698	2.334
50.146	9.755	1.847	220.204	2.0	2.129	28.721	332.698	2.334
50.146	9.755	1.847	220.204	1.991	2.101	28.669	320.882	2.334
50.146	9.755	1.847	220.204	1.991	2.101	28.628	311.619	2.343
49.616	14.86	1.847	219.703	1.897	2.047	28.628	311.619	2.349
49.2	14.86	1.637	219.311	1.823	2.004	28.628	311.619	2.349
49.2	14.86	1.602	219.311	1.823	2.004	29.413	318.468	2.349
47.871	14.86	1.602	219.311	1.823	2.004	30.028	323.838	2.344
46.829	21.756	1.602	219.311	1.823	2.004	29.875	323.838	2.34
46.829	21.756	1.602	218.366	1.803	1.958	29.755	323.838	2.34
46.829	21.756	1.602	217.626	1.787	1.922	29.755	323.838	2.34
49.579	21.756	1.602	217.626	1.787	1.922	29.755	323.838	2.341
51.736	23.871	1.748	218.172	1.787	1.922	29.828	326.52	2.343
51.736	23.871	1.773	218.601	1.787	1.922	29.885	328.622	2.343
51.736	23.871	1.773	218.601	1.787	1.922	29.885	328.622	2.343
51.736	23.871	1.773	218.601	1.879	2.016	29.885	328.622	2.334
51.736	24.573	1.773	218.601	1.952	2.089	29.885	327.432	2.327
51.736	24.573	1.92	219.01	1.952	2.089	30.578	326.499	2.325
55.12	24.573	1.945	219.331	1.952	2.112	31.121	326.499	2.323
57.773	24.573	1.945	219.331	2.061	2.129	31.121	335.508	2.323
67.597	12.954	2.708	222.926	28.481	20.129	23.187	231.547	2.525
68.29	12.954	2.548	222.926	20.367	19.332	23.187	232.442	2.525
68.29	12.954	2.375	222.928	20.367	10.184	23.187	242.726	2.521
68.29	12.954	2.375	222.947	20.097	9.976	23.187	242.726	2.479
68.633	20.454	2.375	222.914	17.003	7.579	23.385	245.263	2.479
72.574	20.454	2.375	222.541	17.003	7.579	25.661	274.409	2.479
72.574	20.454	2.375	222.541	17.003	7.579	25.661	274.409	2.479
72.574	20.454	2.375	222.541	17.003	7.579	25.661	274.409	2.479
72.574	20.454	2.375	222.541	17.003	7.579	25.661	274.409	2.479
72.765	20.454	2.375	222.541	17.003	7.579	25.721	274.409	2.479
74.961	20.454	2.313	222.541	16.966	7.524	26.419	275.807	2.479
74.961	20.454	2.245	222.513	16.543	6.901	26.419	291.86	2.474
74.961	33.049	2.245	222.186	16.543	6.901	26.419	291.86	2.425
74.961	33.049	2.245	222.186	16.543	7.047	26.419	291.86	2.425
74.961	33.049	2.245	222.186	16.543	8.599	26.419	291.86	2.425
74.961	33.049	2.255	222.151	16.543	7.157	26.419	291.86	2.425
74.913	28.822	2.266	221.757	16.424	7.078	26.178	291.86	2.43
74.367	28.822	2.266	221.757	15.063	6.173	23.404	289.758	2.492
74.367	28.822	2.266	221.759	15.063	6.173	23.404	265.613	2.492
74.367	28.822	2.266	221.777	15.063	6.173	23.404	265.613	2.492
74.367	33.191	2.266	221.749	15.063	6.173	23.404	265.613	2.492
74.782	33.191	2.266	221.747	14.62	6.057	23.404	268.575	2.492
79.561	33.191	2.266	221.728	9.519	4.724	23.334	301.283	2.492
79.561	33.191	2.306	221.728	9.718	4.724	22.526	286.149	2.492
79.561	40.698	2.35	221.727	11.994	4.724	22.526	286.149	2.495
79.561	40.698	2.35	221.716	12.06	4.724	22.526	284.929	2.528
79.561	40.698	2.35	221.716	12.824	4.724	22.526	270.915	2.528
78.61	40.698	2.35	221.716	13.065	4.724	22.526	269.588	2.528
67.691	43.941	2.35	221.72	15.838	4.825	22.526	254.342	2.528
67.691	43.941	2.35	221.72	15.838	5.995	22.526	254.342	2.528
67.484	43.941	2.35	221.72	16.059	6.026	22.526	255.692	2.528
65.103	43.941	2.419	221.72	18.6	6.386	22.526	271.207	2.528
65.103	43.941	2.493	221.712	18.6	6.386	22.526	271.207	2.523
65.103	43.941	2.493	221.714	18.6	6.785	22.64	271.207	2.462
65.263	43.941	2.493	221.735	19.716	11.361	23.958	271.207	2.462
67.108	43.941	2.493	221.743	32.543	11.361	23.958	271.207	2.462
67.108	63.561	2.493	221.743	32.543	11.361	23.958	273.078	2.462
67.108	63.561	2.493	221.743	32.543	11.361	23.958	294.569	2.462
67.108	63.561	2.493	221.746	32.543	11.361	23.958	294.569	2.462
67.108	63.561	2.493	221.746	32.543	11.361	23.929	294.569	2.462
67.108	92.296	2.493	221.746	32.543	11.361	23.588	294.569	2.462
66.945	92.296	2.677	221.746	32.543	11.361	23.588	292.826	2.463
65.069	92.296	2.877	221.746	32.543	11.361	23.588	272.795	2.472
65.069	92.296	2.877	221.743	32.543	11.361	23.588	272.795	2.472
65.069	97.65	2.877	221.705	33.235	11.625	23.588	272.795	2.472
56.594	13.719	3.829	208.75	83.827	38.425	10.084	242.553	2.634
54.937	13.719	3.785	208.75	70.157	32.018	10.549	240.957	2.634
54.128	13.719	3.763	208.289	63.481	28.888	10.776	240.957	2.634
54.128	13.719	3.763	208.064	63.481	28.888	10.776	240.957	2.634
54.128	13.719	3.763	208.064	63.481	28.888	10.776	240.957	2.651
54.128	13.719	3.763	208.064	63.481	28.888	10.534	240.957	2.659
46.133	13.719	3.661	208.064	66.281	37.946	10.416	230.926	2.659
42.229	13.235	3.612	208.038	67.648	42.369	10.416	226.026	2.659
31.115	12.176	2.965	205.96	81.301	38.201	18.059	283.986	2.538
37.799	12.176	2.834	206.1	81.301	38.201	18.059	281.995	2.538
41.064	12.176	2.834	206.168	40.134	16.279	18.059	286.861	2.538
41.064	12.176	3.11	206.168	20.028	5.574	18.059	289.712	2.538
41.064	12.176	3.246	206.168	17.828	5.574	18.059	289.712	2.538
44.16	12.176	3.246	206.168	16.754	5.097	18.059	297.253	2.493
45.672	12.176	3.246	206.632	16.754	4.864	18.059	300.936	2.507
45.672	7.62	3.42	206.859	16.754	4.864	18.059	300.936	2.525
47.072	7.62	3.506	206.859	16.754	4.864	21.043	296.513	2.525
47.755	7.62	3.506	206.899	15.037	5.698	22.501	294.354	2.543
47.755	7.62	3.506	206.918	14.198	6.106	22.501	276.693	2.552
47.755	7.62	3.463	206.918	14.198	6.106	22.501	268.067	2.552
47.162	7.62	3.443	206.918	14.64	7.716	22.501	268.067	2.552
46.873	7.62	3.443	206.918	14.856	8.503	19.165	268.067	2.586
46.873	9.495	3.318	206.918	14.856	8.503	17.537	261.953	2.603
46.873	9.495	3.257	206.918	16.697	8.503	17.537	258.966	2.604
47.859	9.495	3.257	206.919	17.596	9.741	17.008	258.966	2.609
48.34	9.495	3.387	206.92	17.596	10.345	16.75	258.966	2.611
48.34	9.495	3.45	206.92	17.596	10.345	16.75	251.254	2.611
41.671	9.925	3.478	206.92	20.393	10.984	16.75	247.487	2.611
56.409	8.598	2.6	218.107	3.156	5.918	30.385	337.111	2.482
56.409	8.598	2.6	218.107	3.156	5.918	29.808	301.9	2.482
49.584	8.598	2.6	216.451	3.156	5.918	29.808	274.295	2.482
44.234	8.598	2.6	215.152	3.156	5.918	25.715	274.295	2.482
44.234	6.064	2.6	215.152	3.156	5.918	22.505	274.295	2.482
44.234	6.064	2.802	215.126	3.156	5.918	22.505	274.295	2.482
42.285	6.064	2.836	215.106	3.616	5.918	20.795	261.169	2.512
40.757	6.064	2.836	215.106	3.977	7.33	19.454	250.879	2.536
40.757	6.064	2.836	215.101	3.977	8.436	19.454	250.879	2.536
40.757	0.721	2.836	215.097	5.73	12.463	19.454	250.879	2.536
40.757	0.721	2.836	215.097	7.104	15.62	19.454	229.837	2.536
40.757	0.721	2.836	215.105	7.104	17.576	19.454	213.342	2.536
40.757	0.721	3.406	215.111	7.474	19.109	19.454	213.358	2.536
40.757	0.721	3.502	215.111	7.765	19.109	19.454	213.372	2.536
33.795	0.721	3.502	215.101	7.765	19.109	19.454	213.372	2.605
28.337	14.997	3.502	215.093	9.066	23.201	19.454	213.372	2.659
28.337	14.997	3.61	215.093	10.086	26.408	19.454	213.372	2.659
28.337	14.997	3.628	215.099	10.086	26.408	19.454	214.989	2.564
27.788	14.997	3.628	215.104	10.818	23.557	19.454	216.257	2.489
27.357	14.997	3.628	215.104	11.392	21.321	19.454	216.257	2.489
27.357	14.997	3.628	215.104	11.392	21.321	19.454	229.782	2.489
27.357	14.997	3.465	215.104	11.392	19.386	19.454	240.384	2.489
27.441	14.997	3.438	215.104	12.591	17.869	19.454	240.384	2.489
38.543	11.559	3.88	202.854	67.668	36.096	11.367	217.835	2.653
33.383	11.559	3.88	202.854	60.924	29.585	11.367	223.426	2.641
30.862	11.559	3.88	202.854	57.63	26.405	11.618	226.156	2.634
30.862	11.559	3.696	202.854	57.63	26.405	11.741	226.156	2.634
30.862	11.559	3.607	202.854	57.63	26.405	11.741	226.156	2.634
30.862	13.818	3.607	202.854	40.619	17.837	11.741	231.287	2.621
37.116	13.818	3.502	202.854	32.312	13.652	11.741	233.793	2.614
40.17	13.818	3.45	202.734	32.312	13.652	12.389	233.793	2.614
40.17	13.818	3.45	202.676	34.527	16.419	12.706	228.804	2.614
40.17	13.818	3.45	202.676	35.609	17.77	12.706	226.368	2.614
37.555	13.818	3.352	202.676	35.609	17.469	12.706	226.368	2.614
36.279	13.818	3.304	202.676	32.437	17.322	12.222	226.368	2.628
36.279	13.818	3.401	202.676	30.888	17.322	11.986	226.368	2.635
36.279	17.125	3.448	202.676	29.568	19.663	11.986	226.368	2.635
46.47	10.217	4.079	210.08	44.489	19.393	13.378	238.966	2.63
46.47	10.217	3.88	210.08	42.806	19.393	13.378	238.966	2.63
46.47	10.217	3.783	210.011	42.14	19.393	13.378	238.966	2.63
46.47	10.217	3.72	209.978	42.14	19.393	13.791	238.966	2.63
46.47	10.217	3.688	209.978	40.199	18.128	13.992	240.71	2.631
46.47	11.277	3.688	209.978	39.252	17.51	13.992	241.562	2.631
46.47	11.277	3.707	209.777	39.252	17.51	13.992	241.562	2.631
43.026	11.277	3.715	209.679	39.252	17.51	13.992	241.562	2.631
41.344	11.277	3.715	209.679	39.252	17.51	13.992	241.562	2.631
41.344	10.902	3.715	209.679	39.252	17.51	14.162	241.562	2.631
41.344	10.902	3.785	209.002	42.605	16.031	14.245	242.847	2.631
41.694	12.076	3.82	208.671	44.242	15.309	14.245	243.475	2.644
41.865	12.076	3.82	208.671	44.242	15.309	14.245	243.475	2.65
39.005	12.076	3.849	208.671	44.242	15.309	12.838	241.54	2.65
37.609	12.076	3.863	208.55	50.368	21.668	12.15	240.595	2.65
37.609	12.076	3.863	208.491	53.359	24.774	12.15	240.595	2.65
37.609	13.282	3.863	208.491	53.359	24.774	12.15	240.595	2.656
37.609	13.282	3.989	208.17	53.359	24.774	11.658	234.91	2.659
37.609	13.282	4.063	207.923	58.067	27.9	11.418	232.133	2.659
42.471	10.551	4.272	217.825	44.362	51.556	10.339	208.147	2.601
43.208	8.462	4.344	217.795	36.977	36.368	10.564	217.624	2.593
42.631	6.373	4.354	217.75	36.781	33.993	10.745	220.198	2.599
41.135	7.801	4.343	217.671	45.486	42.019	10.839	212.961	2.615
39.44	9.229	4.342	217.543	67.877	63.987	10.82	204.483	2.633
38.177	10.656	4.352	217.353	88.906	84.943	10.688	203.326	2.65
37.91	12.084	4.361	217.11	79.026	75.719	10.488	210.968	2.66
38.75	16.563	4.358	216.882	54.57	52.615	10.269	217.445	2.664
39.746	21.042	4.353	216.724	54.065	54.2	10.041	215.047	2.666
40.187	25.521	4.371	216.62	75.77	82.193	9.82	208.251	2.668
27.466	12.39	3.709	202.011	73.888	39.443	10.783	222.549	2.661
26.694	11.203	3.688	202.007	90.194	47.64	10.369	221.596	2.657
26.548	10.015	3.667	201.994	84.124	45.545	10.069	223.341	2.649
26.439	8.827	3.692	201.976	69.546	38.512	9.853	225.975	2.641
25.991	10.021	3.795	201.961	60.477	33.537	9.704	228.057	2.635
24.935	11.214	3.934	201.955	66.478	36.565	9.605	230.162	2.634
23.713	12.408	4.0	201.946	95.737	55.876	9.508	233.353	2.638
22.96	13.601	4.002	201.936	114.326	68.92	9.376	232.655	2.644
22.745	12.757	3.951	201.939	116.896	71.159	9.274	227.516	2.651
23.037	11.913	3.848	201.963	118.202	71.67	9.317	221.946	2.656
24.093	11.068	3.731	202.007	118.639	69.693	9.602	220.107	2.658
26.401	10.224	3.648	202.059	97.31	53.253	10.124	220.549	2.659
29.035	9.794	3.623	202.094	70.71	35.739	10.791	224.349	2.655
30.714	9.363	3.63	202.1	54.673	25.943	11.463	229.932	2.65
31.127	8.933	3.643	202.084	46.558	21.193	12.011	234.767	2.644
30.673	8.502	3.659	202.063	40.48	18.185	12.335	237.821	2.64
29.961	9.829	3.681	202.054	40.093	17.946	12.32	238.837	2.639
28.781	11.155	3.703	202.05	52.662	22.529	12.016	236.866	2.643
27.038	12.482	3.771	202.044	66.972	28.002	11.619	235.519	2.647
25.328	13.808	3.872	202.045	73.426	30.994	11.231	234.671	2.648
24.425	12.893	3.945	202.06	75.212	32.201	10.904	232.587	2.645
24.906	11.978	3.948	202.092	82.513	34.62	10.716	230.053	2.641
26.457	11.062	3.926	202.12	77.201	32.445	10.75	230.215	2.639
27.611	10.147	3.916	202.093	68.359	29.147	10.864	229.419	2.64
27.617	11.203	3.913	201.982	66.57	28.554	10.928	227.542	2.644
27.099	12.26	3.909	201.825	68.827	29.613	10.925	226.639	2.648
27.104	13.316	3.897	201.706	69.169	30.033	10.889	227.709	2.653
28.149	14.372	3.879	201.719	62.465	27.743	10.877	231.534	2.658
28.916	13.744	3.87	201.845	51.496	23.632	10.904	236.758	2.661
28.583	13.116	3.843	201.954	45.662	21.613	10.874	237.938	2.664
27.694	12.488	3.797	202.001	50.689	23.878	10.746	233.635	2.667
26.835	11.86	3.786	202.008	63.239	28.91	10.58	227.249	2.669
26.192	11.37	3.886	202.008	73.778	32.903	10.484	223.735	2.669
26.026	10.88	4.102	202.026	80.902	35.315	10.526	223.317	2.666
27.023	10.389	4.315	202.053	84.195	36.088	10.621	222.853	2.664
28.668	9.899	4.427	202.075	77.928	33.372	10.646	225.101	2.663
29.894	11.768	4.419	202.085	68.615	29.848	10.595	229.845	2.665
30.221	13.636	4.322	202.081	70.756	31.074	10.536	232.734	2.667
30.309	15.505	4.207	202.07	95.433	41.269	10.539	229.322	2.666
32.337	17.373	4.159	202.05	102.467	44.838	10.513	226.127	2.662
35.439	15.663	4.176	202.032	73.294	33.757	10.514	230.805	2.66
37.023	13.952	4.234	202.021	44.108	22.721	10.555	236.914	2.663
35.847	12.242	4.317	202.017	45.207	25.003	10.512	236.533	2.67
32.409	10.531	4.419	202.015	85.755	44.726	10.238	228.224	2.676
29.279	11.918	4.543	202.003	182.35	84.543	9.736	220.202	2.678
28.474	13.305	4.64	201.986	197.425	98.802	9.266	219.119	2.677
64.216	22.183	3.555	210.175	31.831	20.831	12.464	242.897	2.65
61.92	18.808	3.618	210.253	37.696	23.126	12.252	237.715	2.648
58.134	15.433	3.663	210.329	47.786	27.111	12.056	231.331	2.644
53.305	12.057	3.708	210.391	55.928	29.844	11.989	229.161	2.633
48.417	8.682	3.822	210.449	55.121	28.929	11.945	231.11	2.607
44.488	10.049	4.004	210.469	55.796	28.405	11.833	233.711	2.572
41.421	11.416	4.164	210.381	62.883	30.173	11.707	234.727	2.542
39.053	12.783	4.244	210.186	66.656	30.87	11.621	234.396	2.527
37.625	14.15	4.245	209.961	58.917	27.665	11.598	234.346	2.531
37.667	13.358	4.208	209.83	47.345	23.347	11.665	236.574	2.557
38.697	12.566	4.156	209.853	45.058	23.304	11.879	235.864	2.59
39.272	11.774	4.098	209.939	53.666	27.618	12.206	230.958	2.612
39.436	10.982	4.042	210.014	65.299	32.509	12.601	226.802	2.623
40.362	11.453	3.997	210.05	71.98	34.822	13.032	227.085	2.626
43.236	11.925	3.962	210.033	69.081	33.167	13.443	231.729	2.628
33.596	9.726	3.703	203.531	15.942	10.738	12.157	238.581	2.646
32.611	8.941	3.448	203.478	20.322	13.22	12.342	238.538	2.643
33.48	8.156	3.247	203.424	26.524	16.701	12.526	244.571	2.638
35.712	9.918	3.246	203.381	26.415	16.596	12.736	251.982	2.631
38.135	11.68	3.423	203.352	21.159	13.65	12.955	255.355	2.626
39.643	13.441	3.652	203.338	16.876	11.259	13.071	253.391	2.626
39.449	15.203	3.768	203.333	16.404	11.127	12.866	247.899	2.632
37.327	14.22	3.705	203.345	19.128	12.974	12.174	240.566	2.641
34.467	13.237	3.613	203.365	24.894	16.731	11.414	234.222	2.647
32.0	12.254	3.566	203.376	29.513	19.703	10.923	230.708	2.65
30.44	11.271	3.55	203.373	31.0	20.567	10.73	229.967	2.651
29.903	10.694	3.546	203.36	31.749	20.81	10.729	231.172	2.651
30.187	10.117	3.549	203.357	33.902	21.951	10.856	234.989	2.647
31.445	9.539	3.565	203.386	32.858	21.093	11.256	239.298	2.64
33.311	8.962	3.593	203.438	27.251	17.397	11.951	244.593	2.632
35.211	9.527	3.622	203.479	21.187	13.488	12.738	248.754	2.625
36.924	10.093	3.646	203.478	18.03	11.446	13.364	248.725	2.624
38.671	10.658	3.666	203.424	17.179	10.794	13.628	245.099	2.628
40.453	11.223	3.754	203.349	16.139	10.015	13.481	247.664	2.637
40.967	9.802	3.926	203.311	15.908	9.645	13.162	249.307	2.646
39.637	8.381	4.078	203.33	17.582	10.275	12.811	242.319	2.655
37.199	6.959	4.112	203.373	20.591	11.609	12.469	229.692	2.662
34.978	5.538	3.991	203.375	23.836	13.117	12.192	219.266	2.666
34.372	8.406	3.77	203.237	26.812	14.643	12.076	218.223	2.664
35.774	11.273	3.618	202.962	27.442	15.225	12.134	234.536	2.655
37.977	14.141	3.623	202.696	23.322	13.589	12.302	254.258	2.647
44.131	9.52	3.615	208.006	36.011	20.036	13.824	237.318	2.622
44.461	8.753	3.651	207.97	41.197	21.399	14.096	235.46	2.616
43.568	7.986	3.7	207.825	42.444	20.949	14.514	231.749	2.611
42.399	7.219	3.741	207.59	36.678	17.689	15.047	231.735	2.608
41.63	6.452	3.716	207.383	30.575	14.584	15.535	235.577	2.606
40.971	7.28	3.61	207.265	27.468	12.992	15.884	242.229	2.606
40.159	8.107	3.455	207.219	27.092	12.721	16.109	250.213	2.607
39.152	8.935	3.299	207.208	28.091	13.189	16.234	256.914	2.609
37.932	9.762	3.194	207.199	27.441	13.272	16.224	259.109	2.61
36.722	9.955	3.174	207.16	28.906	14.314	15.983	254.422	2.61
36.062	10.148	3.199	207.078	32.861	16.247	15.662	245.343	2.61
36.184	10.34	3.242	206.976	38.045	18.339	15.479	237.175	2.61
36.96	10.533	3.296	206.887	40.666	19.291	15.509	234.037	2.611
38.149	11.91	3.344	206.834	35.364	17.498	15.683	237.292	2.614
39.758	13.288	3.366	206.819	28.779	15.038	15.745	242.408	2.617
40.661	14.665	3.373	206.805	27.136	14.542	15.467	242.137	2.62
39.844	16.042	3.375	206.767	29.804	16.118	14.895	236.405	2.626
37.545	15.588	3.375	206.707	36.196	19.54	14.196	230.752	2.633
26.126	56.183	3.295	216.81	16.228	7.376	18.217	297.17	2.474
24.6	43.127	4.549	216.834	18.567	7.656	18.218	295.855	2.501
22.773	30.072	6.233	216.819	22.249	8.438	17.882	293.073	2.536
21.505	29.037	7.399	216.776	24.026	8.573	17.433	289.286	2.563
20.932	28.001	7.547	216.732	23.311	7.99	17.183	284.983	2.576
21.077	26.966	6.777	216.703	21.34	7.163	17.197	279.302	2.572
21.868	25.93	5.509	216.697	19.082	6.392	17.405	272.851	2.552
23.039	24.562	4.318	216.709	16.135	5.473	17.701	270.184	2.52
23.966	23.194	3.619	216.705	12.732	4.407	18.291	275.008	2.484
24.733	21.826	3.198	216.677	9.685	3.422	19.31	271.034	2.456
25.647	20.458	2.9	216.644	7.136	2.589	20.687	266.942	2.436
26.812	17.642	2.702	216.631	5.425	2.039	22.306	268.728	2.425
28.175	14.826	2.628	216.647	4.908	1.889	24.036	273.913	2.418
29.708	12.01	2.656	216.661	5.03	1.965	25.659	275.592	2.413
31.472	9.194	2.651	216.64	5.366	2.121	26.58	281.95	2.41
33.143	12.53	2.637	216.617	5.507	2.219	26.886	284.271	2.409
34.408	15.865	2.679	216.617	5.526	2.282	26.708	282.492	2.414
35.053	19.201	2.801	216.639	5.667	2.398	26.034	280.416	2.423
34.957	22.536	2.962	216.664	6.142	2.645	24.782	280.542	2.436
33.924	19.899	3.051	216.676	6.789	2.974	23.426	280.281	2.446
32.003	17.262	2.94	216.702	7.514	3.358	22.297	283.537	2.45
29.646	14.625	2.671	216.749	7.936	3.653	21.231	289.911	2.45
27.415	11.988	2.366	216.804	8.197	3.928	20.139	293.121	2.448
25.794	13.751	2.143	216.845	8.906	4.477	19.09	287.983	2.447
25.026	15.514	2.059	216.858	11.01	5.819	18.308	277.123	2.45
24.976	17.276	2.049	216.856	11.554	6.523	17.749	276.378	2.453
25.215	19.039	2.023	216.853	10.435	6.289	17.213	282.85	2.455
25.453	23.548	1.961	216.843	8.854	5.7	16.778	288.292	2.457
25.594	28.056	1.891	216.828	7.616	5.222	16.592	287.708	2.46
25.734	32.565	1.869	216.813	6.95	5.021	16.754	280.471	2.466
26.32	37.073	1.949	216.81	6.563	4.916	17.159	272.363	2.471
27.277	33.622	2.094	216.784	6.484	4.947	17.464	270.774	2.474
27.782	30.172	2.196	216.707	6.768	5.178	17.616	272.82	2.476
27.278	26.721	2.19	216.613	7.284	5.521	17.748	271.84	2.478
25.75	23.27	2.079	216.558	7.655	5.704	17.99	264.884	2.477
23.783	25.613	1.929	216.591	7.311	5.325	18.395	255.719	2.473
22.592	27.955	1.857	216.676	6.355	4.547	19.021	255.238	2.461
22.472	30.298	1.856	216.726	5.54	3.936	19.912	258.165	2.447
22.939	32.64	1.865	216.739	5.107	3.639	20.722	262.967	2.438
23.562	42.333	1.862	216.734	5.122	3.689	20.969	266.16	2.435
24.08	52.025	1.85	216.725	5.644	4.121	20.347	263.675	2.441
24.428	61.718	1.853	216.712	6.797	5.027	19.09	256.05	2.454
24.839	71.41	1.866	216.711	7.575	5.725	17.914	259.678	2.471
25.542	66.275	1.871	216.725	8.297	6.39	17.033	262.613	2.487
26.313	61.139	1.875	216.738	9.632	7.489	16.42	258.209	2.499
26.762	56.004	1.891	216.741	11.247	8.742	15.991	250.78	2.505
26.553	50.868	1.922	216.742	12.126	9.345	15.643	250.042	2.506
25.808	59.382	1.932	216.761	13.248	10.045	15.362	253.67	2.505
25.097	67.895	1.927	216.783	14.729	10.942	15.183	254.636	2.505
24.491	76.409	1.931	216.797	16.167	11.757	14.977	254.251	2.506
23.843	84.922	1.962	216.803	17.416	12.393	14.655	253.855	2.509
22.993	78.68	2.017	216.803	18.28	12.734	14.216	253.789	2.512
21.854	72.438	2.066	216.789	18.291	12.486	13.746	254.038	2.514
20.618	66.195	2.079	216.769	17.377	11.672	13.431	254.567	2.51
19.977	59.953	2.077	216.764	16.047	10.663	13.385	255.0	2.503
20.181	46.908	2.074	216.771	14.91	9.846	13.608	255.377	2.495
20.952	33.863	2.07	216.785	14.562	9.609	13.992	255.402	2.489
21.733	20.817	2.061	216.809	15.049	9.975	14.373	254.845	2.487
21.967	7.772	2.045	216.866	14.489	9.671	14.578	254.843	2.489
101.962	16.69	3.607	221.529	15.5	11.874	13.691	287.757	2.523
99.531	16.245	3.575	221.706	17.797	13.901	13.264	280.29	2.533
97.1	15.8	3.543	221.884	20.094	15.928	12.837	272.824	2.543
94.669	16.51	3.511	222.061	22.392	17.954	12.411	265.357	2.553
92.238	17.22	3.479	222.238	24.689	19.981	11.984	257.89	2.563
89.807	17.93	3.448	222.415	26.987	22.007	11.557	250.424	2.573
87.376	18.64	3.416	222.592	29.284	24.034	11.131	242.958	2.583
84.947	19.35	3.384	222.768	31.581	26.061	10.704	235.498	2.593
83.161	20.06	3.369	222.627	33.792	28.212	10.308	230.528	2.6
65.986	9.034	3.451	215.549	45.103	36.657	8.23	235.654	2.6
66.566	9.113	3.511	215.599	43.169	35.075	8.48	235.851	2.602
67.146	9.191	3.571	215.649	41.235	33.493	8.73	236.048	2.604
67.726	9.27	3.63	215.699	39.301	31.911	8.98	236.245	2.606
68.305	9.473	3.69	215.75	37.367	30.329	9.231	236.441	2.608
68.885	9.675	3.75	215.8	35.433	28.747	9.481	236.638	2.609
69.466	9.878	3.809	215.85	33.502	27.168	9.731	236.835	2.611
70.356	10.08	3.826	215.843	32.571	26.545	9.855	237.084	2.611
71.541	10.283	3.801	215.782	32.596	26.837	9.859	237.382	2.61
72.782	10.485	3.768	215.711	32.8	27.3	9.84	237.69	2.607
74.023	10.688	3.735	215.64	33.005	27.763	9.822	237.997	2.605
75.264	10.89	3.702	215.569	33.209	28.226	9.803	238.304	2.603
76.505	10.504	3.67	215.498	33.413	28.689	9.785	238.612	2.601
77.746	10.118	3.637	215.427	33.617	29.152	9.766	238.919	2.599
78.988	9.731	3.604	215.356	33.821	29.615	9.748	239.227	2.597
80.227	9.345	3.571	215.285	34.026	30.079	9.729	239.534	2.595
81.08	8.959	3.546	215.228	34.529	30.718	9.678	239.749	2.594
81.173	8.573	3.535	215.197	35.617	31.702	9.564	239.783	2.595
81.098	8.186	3.528	215.173	36.836	32.762	9.435	239.777	2.596
81.023	7.8	3.52	215.148	38.054	33.822	9.307	239.771	2.598
80.948	8.115	3.512	215.124	39.272	34.882	9.178	239.765	2.599
80.873	8.43	3.505	215.099	40.49	35.942	9.05	239.759	2.601
80.797	8.745	3.497	215.075	41.708	37.002	8.921	239.753	2.603
53.082	17.278	2.947	205.836	22.846	12.927	14.955	240.439	2.636
60.242	16.311	3.012	205.866	16.118	9.287	15.302	257.183	2.632
63.863	15.343	3.212	205.922	14.578	8.318	15.548	269.471	2.632
61.392	14.374	3.479	205.983	18.844	10.315	15.489	266.67	2.637
53.674	13.405	3.655	206.024	33.709	16.622	14.821	248.505	2.644
45.66	12.436	3.678	206.03	48.212	22.356	13.904	232.797	2.646
40.483	11.467	3.621	205.982	56.052	25.098	13.173	227.296	2.644
57.287	22.099	3.233	221.669	44.773	38.124	12.181	233.947	2.648
57.111	19.624	3.218	221.649	47.218	39.965	12.411	233.359	2.646
56.731	17.15	3.197	221.531	66.02	54.481	12.454	227.029	2.646
56.329	14.675	3.169	221.401	106.187	80.527	12.26	221.299	2.649
55.98	12.2	3.159	221.343	110.13	75.607	12.061	221.074	2.653
55.684	12.4	3.233	221.33	58.49	40.26	12.0	223.286	2.656
55.713	12.6	3.358	221.315	48.151	31.678	12.055	225.109	2.659
56.549	12.8	3.454	221.302	55.401	34.096	12.155	228.631	2.661
58.162	13.0	3.503	221.297	58.997	34.934	12.283	232.924	2.663
59.976	13.367	3.493	221.293	59.234	34.703	12.382	235.02	2.661
61.681	13.734	3.389	221.285	62.668	35.83	12.349	235.112	2.656
63.496	14.1	3.21	221.283	60.34	34.503	12.129	235.291	2.644
68.046	33.688	3.076	209.153	21.033	18.167	16.825	233.207	2.583
68.423	34.175	2.927	209.15	20.65	17.703	16.713	231.034	2.586
70.784	34.663	2.922	209.141	19.86	16.79	16.548	224.912	2.586
73.809	35.15	3.07	209.133	19.006	15.811	16.354	226.474	2.581
76.121	35.638	3.321	209.13	18.317	15.049	16.207	242.313	2.575
76.953	36.125	3.59	209.135	18.014	14.737	16.158	257.829	2.57
76.124	36.613	3.767	209.148	18.259	15.03	16.207	256.341	2.569
74.057	37.1	3.751	209.164	19.093	15.959	16.297	238.57	2.573
72.025	36.163	3.672	209.165	19.847	16.92	16.394	229.72	2.579
100.718	29.513	2.967	215.145	56.525	46.029	7.045	241.943	2.595
97.918	30.024	2.977	215.146	57.276	46.92	6.671	241.363	2.595
95.118	30.535	2.987	215.147	58.028	47.812	6.297	240.783	2.595
92.318	31.046	2.998	215.148	58.779	48.703	5.923	240.203	2.595
89.52	31.558	3.008	215.149	59.528	49.592	5.549	239.624	2.595
87.577	32.069	3.019	215.151	59.314	49.638	5.328	239.176	2.594
87.709	32.58	3.031	215.154	56.763	47.637	5.478	239.047	2.594
88.315	30.451	3.044	215.158	53.678	45.17	5.713	238.992	2.594
88.921	28.323	3.056	215.162	50.593	42.703	5.947	238.937	2.595
89.527	26.194	3.069	215.166	47.508	40.235	6.181	238.882	2.595
69.506	22.1	3.59	206.976	22.115	16.971	16.873	221.526	2.562
70.817	21.85	3.721	207.001	21.99	16.685	16.805	218.778	2.56
71.968	21.6	3.921	207.036	21.705	16.213	16.758	235.029	2.56
71.883	21.35	4.097	207.064	21.9	16.067	16.647	250.311	2.565
70.627	21.1	4.186	207.077	23.167	16.684	16.437	248.032	2.571
69.035	21.788	4.205	207.075	25.712	18.186	16.178	227.686	2.576
68.979	22.475	4.212	207.065	28.269	19.644	16.023	225.228	2.577
72.87	23.163	4.094	207.052	27.98	19.142	16.011	237.927	2.575
79.206	23.85	3.901	207.033	25.528	17.28	16.142	247.694	2.572
84.772	24.538	3.754	207.011	22.905	15.426	16.407	248.705	2.57
87.049	25.225	3.77	206.998	21.783	14.662	16.724	242.279	2.568
85.589	25.913	3.875	207.0	22.811	15.37	16.878	232.36	2.569
83.178	26.6	3.951	207.006	25.931	17.409	16.55	231.828	2.575
80.379	26.938	3.809	209.047	12.698	8.953	20.112	240.807	2.579
81.378	27.425	3.85	209.047	12.38	8.539	20.234	257.995	2.553
78.659	27.913	3.986	209.059	12.696	8.617	19.765	268.747	2.535
72.531	28.4	4.202	209.064	14.045	9.447	18.834	262.154	2.537
64.612	28.163	4.42	209.055	16.74	11.217	17.709	240.194	2.56
57.406	27.925	4.479	209.052	20.945	14.02	16.795	225.744	2.581
53.125	27.688	4.415	209.067	24.774	16.576	16.28	221.413	2.59
57.752	12.401	3.439	221.42	48.491	35.152	12.582	236.73	2.627
57.183	13.001	3.406	221.413	45.117	34.486	12.842	239.065	2.624
56.733	13.601	3.347	221.385	50.17	39.945	12.917	235.615	2.62
56.049	14.2	3.301	221.376	56.789	47.217	12.786	231.054	2.615
55.13	14.8	3.32	221.409	56.296	48.278	12.651	230.358	2.614
54.628	13.993	3.427	221.457	53.539	45.944	12.712	229.844	2.616
55.004	13.185	3.569	221.471	52.575	45.059	12.933	228.712	2.621
56.256	12.378	3.659	221.433	46.633	40.067	13.124	230.615	2.627
57.872	11.57	3.649	221.364	38.174	32.969	13.154	234.236	2.63
59.662	14.053	3.536	221.293	33.527	29.076	13.056	237.472	2.627
62.137	16.536	3.366	221.258	37.236	32.571	12.913	237.25	2.618
65.65	19.018	3.219	221.269	46.647	41.343	12.798	235.767	2.606
69.688	21.501	3.159	221.32	48.13	42.969	12.742	238.692	2.595
72.393	20.81	3.185	221.376	38.269	33.966	12.718	241.46	2.59
72.227	20.118	3.241	221.416	35.829	31.785	12.673	240.988	2.591
69.009	19.427	3.277	221.434	51.443	46.462	12.53	235.619	2.6
64.638	18.735	3.285	221.426	75.769	69.872	12.26	229.934	2.611
32.493	16.075	3.482	204.899	89.107	84.19	10.42	260.184	2.649
35.299	15.587	3.565	204.934	56.935	49.277	10.877	275.594	2.622
37.518	15.099	3.725	204.943	26.577	21.129	11.381	292.054	2.606
38.453	15.221	3.856	204.948	18.43	14.372	11.885	277.771	2.608
38.06	15.344	3.909	204.953	25.461	19.698	12.179	249.219	2.625
36.875	15.466	3.866	204.957	38.815	30.606	12.118	228.427	2.649
70.62	12.99	3.462	214.561	58.127	45.449	7.361	230.236	2.602
70.468	13.008	3.477	214.636	58.004	46.53	7.241	230.353	2.602
70.552	13.025	3.499	214.766	59.057	48.574	7.005	230.754	2.605
70.659	13.043	3.521	214.902	60.228	50.714	6.757	231.183	2.607
70.766	13.06	3.543	215.038	61.398	52.853	6.509	231.611	2.61
70.873	13.078	3.566	215.174	62.568	54.993	6.261	232.04	2.613
70.98	13.095	3.588	215.309	63.739	57.132	6.013	232.469	2.615
71.087	13.113	3.61	215.445	64.909	59.271	5.765	232.897	2.618
74.361	25.4	3.801	206.956	27.31	20.052	15.814	217.144	2.58
73.765	25.775	4.142	206.931	25.023	18.323	16.098	233.709	2.584
70.627	26.15	4.433	206.851	23.801	17.322	16.418	246.733	2.591
64.738	26.525	4.592	206.717	24.565	17.746	16.338	244.902	2.599
57.97	26.9	4.578	206.557	27.374	19.661	15.726	231.846	2.606
53.383	27.275	4.404	206.41	31.618	22.658	14.848	222.792	2.608
53.101	27.65	4.186	206.324	35.004	25.224	14.234	221.629	2.608
79.749	27.538	3.424	222.788	6.865	3.807	24.075	343.798	2.274
82.985	27.475	3.758	226.748	6.268	3.27	25.275	378.01	2.225
80.918	27.413	4.063	227.937	6.396	3.201	24.989	376.444	2.209
74.412	27.35	4.267	226.058	7.22	3.567	23.322	336.369	2.233
64.99	27.288	4.342	222.735	8.825	4.42	20.783	275.132	2.302
54.802	27.225	4.275	219.198	11.31	5.899	18.175	237.06	2.406
46.1	27.163	3.995	215.664	13.617	7.421	16.227	221.87	2.503
40.41	27.1	3.578	212.129	15.366	8.571	15.144	221.464	2.568
47.581	79.826	3.822	217.017	53.832	56.204	10.598	208.398	2.64
47.057	79.282	3.561	217.019	75.623	81.726	10.972	203.696	2.629
47.701	78.737	3.301	216.971	92.471	90.727	11.364	199.942	2.612
49.249	78.193	3.247	216.868	66.854	58.41	11.681	215.71	2.593
49.644	74.419	3.385	216.76	29.594	24.312	11.911	238.765	2.584
47.644	70.645	3.532	216.693	18.469	14.926	12.003	238.159	2.589
44.024	66.871	3.597	216.669	25.968	24.01	11.848	216.574	2.607
40.679	63.097	3.561	216.675	52.8	56.168	11.411	197.658	2.631
39.73	71.028	3.445	216.691	71.828	90.734	10.869	196.995	2.65
41.094	78.96	3.307	216.698	60.16	81.281	10.538	207.223	2.66
42.634	86.891	3.225	216.696	41.347	50.252	10.413	215.79	2.665
43.077	94.822	3.212	216.692	35.817	39.653	10.316	218.618	2.671
42.381	99.999	3.231	216.686	39.93	43.356	10.189	218.194	2.676
40.922	105.177	3.256	216.675	42.587	44.535	10.049	220.063	2.681
39.246	110.354	3.323	216.667	41.889	41.316	9.961	220.581	2.682
37.985	115.531	3.407	216.673	47.651	45.257	9.935	213.467	2.679
37.426	107.022	3.453	216.69	57.263	53.28	9.956	204.123	2.673
42.444	24.438	3.366	209.163	15.871	13.082	16.746	225.811	2.616
44.088	24.575	3.454	209.159	15.646	13.023	16.152	220.121	2.605
46.821	24.713	3.649	209.154	14.212	11.959	15.928	231.727	2.589
50.943	24.85	3.964	209.152	12.277	10.462	16.559	242.641	2.575
56.137	24.988	4.235	209.152	10.828	9.341	17.977	231.042	2.568
61.67	25.125	4.343	209.154	9.849	8.565	19.612	224.3	2.563
66.255	25.263	4.256	209.16	9.187	8.003	20.962	233.727	2.556
68.665	25.4	4.027	209.168	8.791	7.614	21.757	253.148	2.548
68.341	25.55	3.819	209.167	8.725	7.47	22.071	269.481	2.541
66.471	25.7	3.752	209.161	9.098	7.674	22.235	273.818	2.544
64.132	25.85	3.858	209.166	9.749	8.1	21.931	268.497	2.56
61.066	26.0	4.155	209.182	10.544	8.647	20.703	261.892	2.582
56.703	26.15	4.596	209.199	11.51	9.356	18.625	254.184	2.605
50.56	26.3	5.036	209.208	12.868	10.424	16.28	238.251	2.623
42.171	26.45	5.055	209.209	15.366	12.448	14.511	212.924	2.637
59.312	15.719	3.477	215.805	97.764	95.316	4.682	224.702	2.637
62.161	16.173	3.421	215.814	92.455	89.604	4.846	225.417	2.633
65.011	16.626	3.365	215.823	87.146	83.892	5.011	226.131	2.629
67.861	17.08	3.308	215.832	81.837	78.179	5.175	226.846	2.625
70.71	16.943	3.252	215.841	76.529	72.467	5.339	227.56	2.621
73.56	16.805	3.196	215.85	71.22	66.755	5.503	228.274	2.617
76.401	16.668	3.14	215.859	65.924	61.053	5.667	228.986	2.614
76.449	16.53	3.179	215.86	65.165	58.862	5.761	228.731	2.611
75.433	16.393	3.254	215.859	66.134	58.01	5.828	228.108	2.609
42.619	8.087	3.623	204.121	39.011	35.183	11.293	235.851	2.656
42.301	9.135	3.56	204.123	36.485	31.058	11.721	240.13	2.645
41.197	10.182	3.565	204.074	33.682	27.452	12.107	240.81	2.638
38.486	11.229	3.564	203.955	32.599	25.749	12.315	239.504	2.637
34.293	11.577	3.523	203.779	38.325	29.58	12.172	237.139	2.642
30.602	11.926	3.452	203.622	47.447	36.509	11.706	237.369	2.649
22.186	4.86	3.866	222.112	5.725	5.424	18.063	252.683	2.459
21.275	5.33	3.959	220.146	6.063	5.772	17.772	262.979	2.464
20.97	5.799	3.884	219.123	6.131	5.76	17.59	263.56	2.469
21.414	6.269	3.684	218.799	5.844	5.349	17.707	254.923	2.471
22.564	5.677	3.455	218.842	5.327	4.707	18.16	247.082	2.466
24.151	5.085	3.321	218.922	4.834	4.118	18.68	245.557	2.458
25.744	4.493	3.354	218.87	4.792	3.946	18.765	243.328	2.462
27.136	3.901	3.485	218.574	4.876	3.891	18.602	248.663	2.474
28.252	4.04	3.622	218.066	4.762	3.695	18.555	259.179	2.487
28.956	4.18	3.676	217.55	4.418	3.347	18.855	268.66	2.497
29.076	4.319	3.58	217.327	4.018	2.996	19.489	273.319	2.506
28.512	4.458	3.331	217.658	3.681	2.731	19.843	280.792	2.52
27.424	3.779	3.087	218.209	3.428	2.552	19.208	282.491	2.53
26.098	3.1	2.958	218.545	3.463	2.609	18.326	279.656	2.535
24.766	2.42	2.937	218.53	3.748	2.865	17.788	283.111	2.534
23.595	1.741	2.954	218.232	4.062	3.133	17.756	293.126	2.528
22.652	2.012	2.911	217.841	4.111	3.169	18.011	291.782	2.517
21.817	2.283	2.74	217.59	4.018	3.077	18.222	270.273	2.5
21.163	2.554	2.535	217.499	3.827	2.904	18.403	268.263	2.47
20.885	2.825	2.365	217.502	3.518	2.652	18.611	281.445	2.436
21.083	3.233	2.263	217.572	3.217	2.423	18.872	294.377	2.412
21.716	3.641	2.244	217.713	3.112	2.363	19.179	295.196	2.405
22.557	4.048	2.323	217.945	3.332	2.571	19.474	279.038	2.418
23.283	4.456	2.521	218.295	3.768	2.962	19.501	258.374	2.433
24.095	4.467	2.787	218.607	4.283	3.407	19.323	249.414	2.434
25.126	4.477	3.053	218.69	4.641	3.69	19.193	263.069	2.428
26.232	4.488	3.278	218.474	4.88	3.824	19.356	288.072	2.427
27.075	4.498	3.456	218.041	5.248	4.012	19.96	295.096	2.435
27.389	3.949	3.605	217.697	5.37	3.958	20.868	266.084	2.449
27.642	3.399	3.665	217.641	5.011	3.542	21.597	254.72	2.458
28.173	2.85	3.581	217.753	4.815	3.259	22.101	264.189	2.456
28.964	2.3	3.388	217.879	4.67	3.046	22.549	278.313	2.441
29.889	2.421	3.168	217.887	4.285	2.705	23.101	287.352	2.419
30.842	2.542	3.019	217.681	3.777	2.32	23.819	296.631	2.397
31.707	2.662	3.012	217.33	3.652	2.217	24.517	307.494	2.387
32.061	2.783	3.141	217.042	3.79	2.3	25.054	307.712	2.39
31.789	2.958	3.36	216.877	3.98	2.428	25.386	299.926	2.401
31.201	3.133	3.585	216.813	4.117	2.531	25.49	289.149	2.418
30.8	3.307	3.718	216.799	4.145	2.566	25.389	279.268	2.441
30.968	3.482	3.683	216.801	3.949	2.451	25.281	275.051	2.466
31.233	3.98	3.572	216.809	3.72	2.301	25.283	275.789	2.491
31.178	4.477	3.507	216.807	3.635	2.232	25.32	274.218	2.514
65.872	25.3	5.063	209.013	13.071	9.327	16.816	254.346	2.616
59.201	25.7	4.874	208.997	14.533	10.293	16.098	244.388	2.621
57.289	26.1	4.224	209.007	15.714	10.99	15.832	222.417	2.611
63.522	26.5	3.735	209.037	14.413	9.895	16.17	218.709	2.586
72.582	26.9	3.582	209.059	11.854	8.003	17.169	246.204	2.565
77.568	27.3	3.677	209.017	9.923	6.605	18.304	293.471	2.556
75.31	27.7	3.866	208.858	9.418	6.229	18.789	324.436	2.56
66.292	28.1	3.989	208.565	10.612	7.058	18.094	305.597	2.576
55.063	28.5	3.993	208.195	14.113	9.52	16.613	245.105	2.592
49.213	27.975	4.008	207.92	20.181	14.089	15.395	216.736	2.593
50.73	27.45	3.995	207.785	25.101	18.329	14.7	211.77	2.586
58.068	26.925	3.984	207.743	26.333	20.057	14.52	217.381	2.579
67.575	26.4	4.047	207.739	24.313	19.205	14.805	227.585	2.579
74.205	25.875	4.286	207.739	21.95	17.722	15.44	237.06	2.583
72.453	25.35	4.412	207.737	21.756	17.511	15.993	238.232	2.591
54.451	30.1	3.38	209.204	16.6	9.548	18.325	257.011	2.554
56.317	30.7	3.596	209.19	14.501	9.188	18.385	244.958	2.56
55.665	31.3	3.678	209.187	13.469	9.446	17.835	233.162	2.571
54.264	31.9	3.653	209.203	13.353	10.177	17.034	236.819	2.578
56.513	31.125	3.635	209.225	13.069	10.491	16.676	259.923	2.576
62.694	30.35	3.647	209.231	12.036	9.924	17.021	265.476	2.57
69.281	29.575	3.665	209.217	10.865	9.07	17.798	260.206	2.565
73.332	28.8	3.671	209.19	10.071	8.442	18.564	256.061	2.562
73.449	28.025	3.668	209.159	9.899	8.316	18.917	254.025	2.562
70.404	27.25	3.667	209.131	10.398	8.772	18.645	238.858	2.566
66.684	26.475	3.67	209.119	11.498	9.783	17.843	234.331	2.571
63.328	25.7	3.676	209.12	12.671	10.909	16.819	243.658	2.576
61.023	26.675	3.685	209.127	13.633	11.893	15.851	248.32	2.578
60.312	27.65	3.697	209.138	14.407	12.726	15.183	240.644	2.579
61.276	28.625	3.709	209.154	15.234	13.577	14.993	228.59	2.579
48.42	19.332	4.236	217.867	60.173	37.622	10.87	217.544	2.655
48.087	19.332	4.322	217.865	64.735	40.201	10.87	215.795	2.657
47.788	19.332	4.399	217.863	68.824	42.513	10.87	214.228	2.657
47.788	22.321	4.374	217.883	68.824	42.513	10.768	214.228	2.657
46.92	22.321	4.35	217.9	68.824	42.513	10.677	214.228	2.657
46.142	22.321	4.35	217.9	79.903	53.375	10.677	212.27	2.659
46.142	22.321	4.35	217.9	89.832	63.111	10.677	210.514	2.661
45.689	26.332	4.35	217.9	89.832	63.111	10.677	210.514	2.661
45.283	26.332	4.35	217.918	91.453	63.111	10.677	210.215	2.661
45.283	26.332	4.313	217.934	92.905	79.029	10.466	209.947	2.661
45.283	26.332	4.279	217.934	92.905	93.296	10.277	209.947	2.661
45.145	24.301	4.279	217.934	92.905	93.296	10.277	209.947	2.662
45.022	24.301	4.279	217.959	101.636	82.595	10.277	210.106	2.663
45.022	24.301	4.279	217.981	109.462	73.004	10.277	210.248	2.663
45.022	24.301	4.279	217.949	109.462	73.004	10.257	210.248	2.663
45.184	22.89	4.279	217.921	109.462	73.004	10.239	209.974	2.663
45.328	22.89	4.279	217.921	143.707	97.657	10.239	209.728	2.663
45.328	22.89	4.257	217.921	174.4	119.753	10.239	209.728	2.663
45.328	22.89	4.238	217.921	174.4	119.753	10.239	209.728	2.663
46.775	22.89	4.238	217.921	165.73	112.44	10.323	209.728	2.661
48.071	22.89	4.238	217.878	157.958	105.886	10.397	212.189	2.66
48.071	22.89	4.238	217.839	157.958	105.886	10.397	214.394	2.66
48.071	22.89	4.328	217.839	157.958	105.886	10.397	214.394	2.66
48.524	23.224	4.409	217.839	157.958	105.886	10.397	212.863	2.657
48.929	23.224	4.409	217.839	149.495	97.294	10.388	211.49	2.654
48.929	23.224	4.436	217.839	141.909	89.593	10.38	211.49	2.656
48.929	23.224	4.46	217.839	141.909	89.593	10.38	211.49	2.658
48.442	22.531	4.46	217.839	137.926	88.381	10.303	209.679	2.658
48.006	22.531	4.46	217.839	134.356	87.294	10.234	208.055	2.659
48.006	22.531	4.494	217.743	134.356	87.294	10.234	208.055	2.66
48.006	22.531	4.491	217.657	121.102	75.386	10.284	207.731	2.66
47.65	22.226	4.461	217.657	109.222	64.712	10.329	207.44	2.66
47.331	22.226	4.443	217.657	109.222	64.712	10.329	207.44	2.66
46.273	22.226	4.427	217.653	109.222	64.712	10.389	207.44	2.66
45.325	22.226	4.427	217.65	103.562	59.717	10.442	208.846	2.659
45.325	23.573	4.427	217.65	98.488	55.24	10.442	210.106	2.658
45.864	23.573	4.427	217.65	98.488	55.24	10.442	210.106	2.657
46.346	23.573	4.427	217.651	95.176	52.107	10.501	211.219	2.656
46.346	23.573	4.427	217.651	92.207	49.299	10.554	212.216	2.656
46.346	24.445	4.427	217.651	92.207	52.373	10.554	212.216	2.656
46.346	24.445	4.407	217.655	94.524	55.128	10.554	212.216	2.656
46.346	24.445	4.388	217.659	89.618	55.012	10.554	212.216	2.656
46.346	24.445	4.388	217.659	83.36	54.908	10.554	212.216	2.656
46.346	24.445	4.388	217.659	83.36	54.908	10.554	212.216	2.654
47.34	24.773	4.339	217.659	76.635	51.357	10.554	212.983	2.652
48.232	24.773	4.295	217.676	70.607	48.174	10.651	213.67	2.652
48.232	24.773	4.295	217.69	70.607	48.174	10.737	213.67	2.652
67.863	17.054	3.226	221.824	61.382	44.426	13.677	232.626	2.622
67.863	17.054	3.351	221.825	69.84	50.922	13.677	232.652	2.635
67.863	17.054	3.487	221.846	69.84	50.922	13.402	232.954	2.635
67.863	17.054	3.487	221.847	69.208	50.685	10.253	232.954	2.635
67.863	19.972	3.5	221.865	61.954	47.966	10.239	232.975	2.633
67.863	19.972	3.514	221.865	62.396	48.241	10.078	233.218	2.633
67.863	19.972	3.514	221.868	67.47	51.396	10.078	232.919	2.633
67.863	19.972	3.514	221.896	69.756	52.752	10.078	229.489	2.633
67.863	16.654	3.514	221.896	96.014	68.331	10.116	229.659	2.633
67.863	16.654	3.473	221.896	96.014	68.331	10.544	231.617	2.632
67.429	16.654	3.43	221.898	93.854	66.289	10.544	231.617	2.621
62.442	16.654	3.43	221.916	69.037	42.826	10.544	232.929	2.621
62.442	16.654	3.465	221.916	69.037	42.826	10.544	248.001	2.621
62.442	16.654	3.503	221.916	68.588	42.712	10.587	248.001	2.621
62.647	16.654	3.535	221.916	63.428	41.397	11.085	247.204	2.619
64.998	16.111	3.57	221.916	63.428	41.397	11.085	238.05	2.619
64.998	16.111	3.532	221.916	65.308	43.811	11.085	238.05	2.619
65.006	16.111	3.491	221.916	86.906	71.55	11.085	237.254	2.619
65.096	16.111	3.491	221.916	86.906	71.55	10.996	228.112	2.621
65.096	16.111	3.491	221.916	86.906	71.55	9.982	228.112	2.64
65.02	16.898	3.491	221.918	86.906	71.55	9.982	228.112	2.635
64.151	16.898	3.491	221.942	84.593	69.943	9.999	228.253	2.635
64.151	16.898	3.446	221.942	58.025	51.48	10.205	229.875	2.635
64.151	16.898	3.397	221.942	58.025	51.48	10.205	229.875	2.631
64.151	17.564	3.397	221.942	57.327	50.855	10.226	230.14	2.631
63.945	17.564	3.397	221.921	49.309	43.679	10.469	233.181	2.631
61.572	17.564	3.397	221.685	49.309	43.679	10.469	233.181	2.63
61.762	17.564	3.397	221.685	48.933	43.349	10.469	233.557	2.622
63.944	16.818	3.39	221.685	44.61	39.562	10.496	237.87	2.622
63.944	16.818	3.383	221.685	44.61	39.562	10.808	237.87	2.622
64.049	16.818	3.383	221.666	44.408	39.401	10.808	237.792	2.622
65.259	16.818	3.383	221.454	42.085	37.555	10.804	236.898	2.621
65.259	16.817	3.383	221.454	41.896	37.555	10.752	237.002	2.621
65.259	16.817	3.434	221.454	39.725	37.706	10.752	238.196	2.621
65.259	16.817	3.49	221.454	40.237	39.594	10.75	238.14	2.621
65.259	16.817	3.49	221.454	46.335	41.607	10.701	237.495	2.622
65.259	15.96	3.49	221.407	48.852	44.139	10.362	237.495	2.624
65.429	15.96	3.475	220.868	48.852	44.139	10.362	237.521	2.624
67.392	15.96	3.458	220.868	49.15	44.455	10.362	237.821	2.624
67.051	15.96	3.455	220.866	52.572	48.078	10.362	237.6	2.625
63.139	15.96	3.452	220.845	52.572	48.078	10.351	235.069	2.635
62.99	15.96	3.452	220.845	53.016	48.502	10.222	235.069	2.635
61.279	15.96	3.452	220.845	58.111	53.375	10.222	234.854	2.636
61.279	15.702	3.43	220.845	58.111	53.375	10.222	232.378	2.636
61.279	15.702	3.405	220.849	58.111	53.375	10.222	232.378	2.636
61.279	15.702	3.405	220.887	58.228	53.348	10.249	232.378	2.635
45.405	16.339	3.649	205.816	66.655	26.577	12.314	237.664	2.656
45.405	16.339	3.709	205.815	76.865	33.827	11.961	237.664	2.661
43.945	16.339	3.739	205.815	76.865	37.368	11.789	237.664	2.663
43.231	16.339	3.739	205.815	83.246	39.778	11.789	237.664	2.663
43.231	16.453	3.739	205.815	86.362	40.955	11.789	224.903	2.663
43.231	16.453	3.662	205.814	86.362	40.955	11.789	218.671	2.663
43.231	16.453	3.624	205.814	86.362	40.955	11.789	220.018	2.663
43.231	16.453	3.624	205.814	86.362	40.955	11.789	220.676	2.663
43.231	13.888	3.585	205.816	86.362	40.955	11.789	220.676	2.663
43.231	13.888	3.566	205.821	80.201	39.617	11.789	220.676	2.663
43.231	13.888	3.566	205.823	77.192	38.963	11.504	223.536	2.66
44.138	13.888	3.479	205.823	77.192	38.963	11.365	224.933	2.658
44.581	13.888	3.436	205.829	77.192	38.963	11.365	224.933	2.658
44.581	13.888	3.436	205.832	77.192	38.963	11.365	224.933	2.658
44.581	13.888	3.436	205.832	77.192	38.963	11.365	224.933	2.658
44.581	14.069	3.372	205.839	51.785	26.955	11.365	231.03	2.653
44.581	14.069	3.341	205.843	39.377	21.091	12.937	234.007	2.65
43.481	14.069	3.341	205.843	39.377	21.026	13.705	234.007	2.65
65.728	13.377	3.293	221.533	57.635	33.413	11.903	238.153	2.631
65.728	13.377	3.293	221.533	57.493	33.249	11.903	238.153	2.631
65.728	13.05	3.312	221.533	55.855	31.365	11.903	238.153	2.631
65.728	13.05	3.333	221.533	55.855	31.365	11.903	238.279	2.631
65.728	13.05	3.333	221.533	56.355	31.474	11.814	239.55	2.631
65.728	13.05	3.333	221.533	62.095	32.719	10.794	237.592	2.63
65.728	12.02	3.333	221.541	62.095	32.719	10.794	237.449	2.617
65.74	12.02	3.333	221.637	63.056	33.146	10.769	235.804	2.617
65.88	12.02	3.333	221.672	74.095	38.053	10.483	235.804	2.617
65.88	12.02	3.465	222.08	74.414	38.247	10.483	235.658	2.617
65.88	11.172	3.608	222.08	78.076	40.475	10.483	233.987	2.617
65.88	11.172	3.58	222.101	77.507	40.243	10.483	233.987	2.617
65.88	11.172	3.55	222.352	70.973	37.575	10.449	234.197	2.617
65.88	11.172	3.55	222.352	70.973	37.575	10.102	236.611	2.617
66.137	11.856	3.537	222.352	70.095	37.179	10.652	236.611	2.617
69.093	11.856	3.523	222.352	60.012	32.629	10.652	236.611	2.617
69.093	11.856	3.523	222.352	60.012	32.629	10.677	236.805	2.621
69.093	11.856	3.523	222.435	60.012	32.629	10.956	239.028	2.621
69.093	11.856	3.496	223.386	58.838	32.629	10.956	239.028	2.621
68.913	11.856	3.466	223.386	45.352	32.565	10.956	239.12	2.621
66.847	11.856	3.466	223.386	45.911	32.166	10.956	240.18	2.616
66.847	16.049	3.466	223.386	52.338	36.119	10.999	240.18	2.616
66.847	16.049	3.423	223.386	52.639	36.463	11.497	240.18	2.616
66.847	16.049	3.377	223.386	56.096	40.409	11.497	240.18	2.617
66.847	16.049	3.377	223.404	56.054	40.567	11.461	239.919	2.623
66.94	16.049	3.377	223.613	55.561	42.383	11.044	236.925	2.623
68.013	16.44	3.372	223.613	55.561	42.383	11.044	236.925	2.623
68.013	16.44	3.367	223.613	55.423	42.702	11.044	237.08	2.623
68.013	16.44	3.367	223.613	53.847	46.37	11.042	238.86	2.624
68.008	16.44	3.367	223.65	53.847	46.37	11.019	238.86	2.629
67.953	15.445	3.367	224.083	56.338	48.701	11.019	238.89	2.629
67.953	15.445	3.367	224.083	84.95	75.488	11.019	239.231	2.629
67.953	15.445	3.367	224.091	84.95	75.488	11.019	239.231	2.629
67.953	15.445	3.367	224.182	86.616	77.501	11.019	239.231	2.629
67.953	16.099	3.367	224.182	105.757	100.632	11.019	239.149	2.629
67.953	16.099	3.403	224.182	105.757	100.632	11.019	238.209	2.629
68.303	16.099	3.441	224.182	106.141	101.1	11.009	238.209	2.628
72.325	16.099	3.441	224.195	110.547	106.475	10.896	238.401	2.621
72.325	16.231	3.441	224.342	110.547	106.475	10.896	240.614	2.621
72.325	16.231	3.383	224.342	110.547	106.475	10.896	240.614	2.621
41.959	17.104	4.194	207.606	75.353	66.934	9.68	235.842	2.647
36.032	17.104	4.281	207.619	69.664	65.896	8.895	225.546	2.647
36.032	17.104	4.281	207.619	66.885	65.389	8.895	220.518	2.672
36.032	17.104	4.281	207.619	66.885	65.389	9.344	220.518	2.685
41.774	16.408	4.281	208.03	58.361	57.889	9.564	221.052	2.685
45.451	16.408	4.281	208.231	54.198	54.226	9.667	221.312	2.685
45.877	16.408	4.281	208.231	54.198	54.226	9.717	223.393	2.685
45.877	16.408	4.06	208.231	50.822	50.761	9.717	224.409	2.679
45.877	16.701	3.952	208.231	49.174	49.069	9.717	224.409	2.676
46.394	16.701	3.952	208.231	49.174	49.069	9.717	227.349	2.676
46.647	16.701	4.115	208.231	49.344	48.076	9.74	228.784	2.677
46.647	16.701	4.194	208.231	49.427	47.591	9.272	228.784	2.678
43.468	16.757	4.194	208.231	49.427	47.591	9.038	228.784	2.678
41.915	16.757	4.194	208.231	69.634	71.011	9.038	230.063	2.678
41.915	16.757	4.329	208.293	79.502	82.449	9.038	230.688	2.678
41.915	16.757	4.395	208.324	79.502	82.449	8.803	230.688	2.678
38.235	16.757	4.395	208.324	79.502	82.449	8.687	227.418	2.678
36.438	16.757	4.395	208.324	88.687	94.797	8.687	225.821	2.682
36.438	16.757	4.59	208.324	93.173	100.827	8.687	225.821	2.684
36.438	16.757	4.684	208.521	93.173	100.827	8.687	225.821	2.684
36.438	15.374	4.684	208.616	93.173	100.827	8.687	225.821	2.684
36.438	15.374	4.684	208.616	93.173	100.827	8.687	225.821	2.684
34.315	15.374	4.684	208.616	93.173	100.827	8.43	225.821	2.686
33.277	15.374	4.684	208.65	93.123	100.257	8.305	225.821	2.687
33.277	16.012	4.684	208.666	93.098	99.978	8.305	219.445	2.687
33.277	16.012	4.684	208.666	93.098	99.978	8.305	216.331	2.687
33.277	16.012	4.684	208.666	93.098	99.978	8.977	217.387	2.687
42.642	16.012	4.684	208.831	95.385	93.241	9.306	217.903	2.687
47.215	18.418	4.634	208.912	96.502	89.951	9.306	217.839	2.687
47.215	18.418	4.61	208.912	96.502	89.951	9.306	217.808	2.687
47.215	18.418	4.61	208.912	123.067	95.606	9.306	217.808	2.684
47.215	18.418	4.61	208.912	136.04	98.368	9.306	224.429	2.682
47.215	16.474	4.61	208.912	136.04	98.368	9.306	227.662	2.682
87.123	8.165	3.197	223.432	5.063	5.047	18.962	288.306	2.539
87.123	8.165	3.197	223.432	5.063	5.047	18.962	288.306	2.539
87.123	8.165	3.197	223.432	5.063	5.047	18.962	288.306	2.539
87.123	8.165	3.2	223.432	5.063	18.167	18.962	288.306	2.537
87.123	10.358	3.201	223.432	11.509	21.512	18.962	288.306	2.537
87.123	10.358	3.201	223.432	13.153	21.512	18.962	288.306	2.537
87.123	10.358	3.201	223.432	13.153	21.512	18.962	288.306	2.537
87.123	10.358	3.201	223.432	13.153	21.512	18.962	288.306	2.537
87.123	10.358	3.201	223.432	13.153	21.512	18.962	288.306	2.537
87.123	10.358	3.201	223.432	13.153	21.512	18.962	288.306	2.537
87.123	10.358	3.201	223.432	13.153	21.512	18.962	288.306	2.537
87.123	10.358	3.201	223.432	13.153	21.512	18.962	288.306	2.537
75.353	10.358	3.284	223.432	13.153	21.512	14.55	276.288	2.537
72.353	10.358	3.304	223.432	13.153	21.512	13.425	273.225	2.537
72.353	10.358	3.304	223.432	13.153	21.512	13.425	273.225	2.537
72.353	10.358	3.304	223.432	13.153	21.512	13.425	273.225	2.537
72.353	10.358	3.304	223.432	13.153	21.512	13.425	273.225	2.537
72.353	10.358	3.304	223.432	13.153	21.512	13.425	273.225	2.537
72.353	10.358	3.304	223.432	13.153	21.512	13.425	273.225	2.537
72.353	10.358	3.304	223.432	13.153	21.512	13.425	273.225	2.537
72.353	10.358	3.304	223.432	13.153	21.512	13.425	273.225	2.537
72.353	10.358	3.12	223.432	13.153	21.512	13.425	273.225	2.537
72.353	10.358	3.074	221.847	13.153	21.512	13.425	272.581	2.538
72.353	10.358	3.074	221.443	13.153	21.512	13.425	272.417	2.538
72.353	10.358	3.074	221.443	13.153	21.512	13.425	272.417	2.538
72.353	10.358	3.074	221.443	13.153	21.512	13.425	272.417	2.538
72.353	10.358	3.074	221.443	13.153	21.512	13.425	272.417	2.538
72.353	10.358	3.074	221.443	13.153	21.512	13.425	272.417	2.538
72.353	10.8	3.074	221.443	13.153	21.512	13.425	272.417	2.538
72.353	10.8	3.074	221.443	13.153	21.512	13.425	272.417	2.538
47.502	30.803	4.507	217.785	106.93	71.11	11.106	220.712	2.627
47.502	30.803	4.507	217.759	113.975	75.004	11.106	213.148	2.627
47.502	30.803	4.507	217.736	120.29	78.493	11.106	206.367	2.627
47.502	24.312	4.408	217.768	109.241	73.038	11.106	206.338	2.627
47.502	24.312	4.319	217.796	99.338	68.149	11.106	206.311	2.627
47.502	24.312	4.319	217.796	99.338	68.149	11.106	206.311	2.627
47.502	24.312	4.319	217.814	99.338	68.149	11.106	206.311	2.642
44.468	24.045	4.319	217.831	99.338	68.149	11.106	206.311	2.654
41.748	24.045	4.319	217.831	86.862	59.395	10.83	208.207	2.651
41.748	24.045	4.319	217.831	75.679	51.549	10.583	209.905	2.647
41.748	24.045	4.274	217.831	75.679	51.549	10.583	212.427	2.647
44.358	25.268	4.234	217.831	69.214	45.643	10.583	214.688	2.646
46.698	25.268	4.234	217.834	63.419	40.349	10.583	215.14	2.644
46.226	25.268	4.167	217.836	56.968	36.223	10.583	215.546	2.644
45.803	25.268	4.106	217.836	51.186	32.524	10.583	215.546	2.644
45.456	23.489	4.106	217.836	59.206	39.767	10.811	216.161	2.647
45.145	23.489	4.106	217.836	66.395	46.259	11.014	216.713	2.649
45.145	23.489	4.106	217.836	66.395	46.259	11.014	216.713	2.649
45.051	23.489	4.106	217.836	69.018	50.388	11.014	214.841	2.65
44.966	25.092	4.106	217.766	71.369	54.089	11.014	213.164	2.652
44.657	25.092	4.106	217.703	71.369	54.089	11.014	213.164	2.652
44.379	25.092	4.085	217.703	69.137	52.633	11.014	217.121	2.648
44.379	25.092	4.065	217.703	67.137	51.329	10.86	220.668	2.645
43.298	29.073	4.065	217.73	67.137	51.329	10.721	220.668	2.645
42.329	29.073	4.038	217.753	63.566	48.472	10.721	220.509	2.644
42.329	29.073	4.013	217.753	60.366	45.911	10.721	220.367	2.644
42.329	29.073	4.013	217.753	60.366	45.911	10.721	220.367	2.644
41.703	27.119	4.013	217.753	71.13	55.215	10.932	215.728	2.644
41.142	27.119	4.013	217.753	80.778	63.555	11.122	211.571	2.643
41.142	27.119	4.013	217.783	80.778	63.555	11.122	211.571	2.642
41.142	27.119	3.995	217.809	82.426	64.695	11.122	211.97	2.642
42.809	27.119	3.979	217.809	83.904	65.717	11.264	212.327	2.642
44.303	27.119	3.979	217.809	83.904	65.717	11.391	212.327	2.645
44.303	27.119	3.979	217.827	83.904	65.717	11.391	212.327	2.648
44.303	27.119	4.027	217.844	83.904	65.717	11.391	212.327	2.648
44.303	24.842	4.071	217.844	83.904	65.717	11.391	212.327	2.648
47.256	24.842	4.071	217.844	83.904	65.717	11.391	218.689	2.648
49.903	24.842	4.071	217.815	71.642	53.94	11.391	224.39	2.648
49.903	24.842	4.071	217.788	60.653	43.384	11.237	224.39	2.648
48.674	25.008	4.071	217.788	62.875	45.726	11.099	219.214	2.65
47.573	25.008	4.071	217.788	64.867	47.825	11.099	214.575	2.651
47.573	25.008	4.179	217.786	64.867	47.825	10.777	215.503	2.651
46.909	25.008	4.277	217.784	69.661	52.816	10.417	216.335	2.651
46.314	25.008	4.237	217.784	73.957	57.289	10.352	216.335	2.651
46.314	25.008	4.202	217.784	80.769	61.82	10.352	213.448	2.653
46.314	25.008	4.202	217.784	86.874	65.882	10.189	210.859	2.656
45.913	25.255	4.19	217.766	86.874	65.882	10.043	210.859	2.656
45.553	25.255	4.179	217.749	86.874	65.882	10.116	211.319	2.654
45.553	25.255	4.179	217.749	86.841	61.863	10.181	211.731	2.652
47.029	25.255	4.179	217.749	86.811	58.261	10.181	211.731	2.652
48.351	25.255	4.224	217.749	86.811	58.261	10.181	211.731	2.652
48.351	26.271	4.264	217.749	86.811	58.261	10.181	211.731	2.65
48.985	26.271	4.264	217.728	86.811	58.261	10.327	211.731	2.649
49.552	26.271	4.328	217.708	79.557	52.568	10.458	213.328	2.649
49.552	26.271	4.385	217.708	73.055	47.464	10.458	214.76	2.645
64.647	34.5	4.136	209.12	20.904	18.035	17.573	224.139	2.601
64.647	34.5	4.136	209.123	20.904	18.035	17.573	219.716	2.601
64.647	34.5	4.136	209.123	20.904	18.035	17.573	221.357	2.603
64.647	34.5	4.136	209.123	20.904	18.035	17.573	221.788	2.604
64.647	35.8	3.816	209.122	20.904	18.035	17.573	221.788	2.604
64.065	35.8	3.785	209.122	21.755	18.166	16.063	230.446	2.604
63.912	35.8	3.785	209.122	21.979	18.2	15.666	232.72	2.601
63.912	35.8	3.785	209.122	21.979	18.2	15.666	232.72	2.6
63.912	35.8	3.785	209.135	21.979	18.2	15.666	232.72	2.6
63.912	35.8	3.86	209.138	21.979	18.2	15.666	232.72	2.6
68.706	35.8	3.867	209.138	21.979	18.2	15.84	234.581	2.6
69.965	35.8	3.867	209.138	21.979	18.2	15.885	235.07	2.6
69.965	35.8	3.867	209.14	21.979	19.104	15.885	235.07	2.605
69.965	35.8	3.867	209.141	24.563	19.342	15.885	235.07	2.607
69.965	35.8	3.867	209.141	25.242	19.342	15.885	235.07	2.607
69.965	35.8	4.11	209.141	25.242	19.342	15.885	220.384	2.607
69.965	35.8	4.133	209.133	25.242	19.342	15.885	216.527	2.607
69.965	35.8	4.133	209.131	25.242	19.342	15.885	220.556	2.609
59.234	35.8	4.133	209.131	25.242	19.342	15.885	221.614	2.609
56.416	35.8	4.133	209.131	25.242	19.342	15.095	221.614	2.609
56.416	42.05	4.133	209.131	26.466	19.958	14.887	227.001	2.609
56.416	42.05	3.922	209.131	26.787	20.119	14.887	228.416	2.609
56.416	42.05	3.902	209.131	26.787	20.119	14.887	228.416	2.604
64.233	42.05	3.902	209.131	26.787	20.119	16.665	228.416	2.603
66.286	42.05	3.902	209.114	23.617	18.269	17.132	228.005	2.603
66.286	42.05	3.902	209.109	22.784	17.783	17.132	227.896	2.603
66.286	42.05	3.902	209.109	22.784	17.783	17.132	227.896	2.603
66.286	42.05	3.981	209.109	22.784	17.783	17.132	227.896	2.603
66.286	42.05	3.989	209.085	19.566	15.33	17.132	227.896	2.592
73.984	42.05	3.989	209.078	18.721	14.686	18.011	239.373	2.589
76.006	42.05	3.989	209.078	18.721	14.686	18.242	242.387	2.589
76.006	42.05	3.989	209.078	18.721	14.686	18.242	242.387	2.589
76.006	42.05	3.989	209.078	18.721	14.686	18.242	242.387	2.589
76.006	42.05	3.989	209.078	18.721	14.686	18.242	242.387	2.589
74.974	42.05	3.883	209.078	18.721	14.686	17.552	242.387	2.595
74.703	42.05	3.873	209.057	15.598	11.937	17.37	239.052	2.596
74.703	34.112	3.873	209.051	14.777	11.215	17.37	238.176	2.596
74.703	34.112	3.873	209.051	14.777	11.215	17.37	238.176	2.596
74.703	34.112	3.906	209.051	14.777	11.215	17.37	238.176	2.596
71.161	34.112	3.91	209.06	16.256	11.76	17.37	235.662	2.581
70.231	34.112	3.756	209.062	16.644	11.903	18.192	235.002	2.578
70.231	34.112	3.741	209.062	16.644	11.903	18.408	235.002	2.578
70.231	34.112	3.741	209.062	16.644	11.903	18.408	268.018	2.578
70.231	34.112	3.66	209.062	16.644	11.903	18.408	276.689	2.578
70.231	32.45	3.652	209.085	16.644	11.903	18.408	287.302	2.578
70.231	32.45	3.652	209.091	16.644	11.903	18.408	290.089	2.578
77.371	32.45	3.652	209.091	16.644	11.903	18.408	290.089	2.535
79.246	32.45	3.652	209.044	16.644	11.903	20.512	271.711	2.524
79.246	32.45	3.652	209.031	12.344	8.521	21.065	266.885	2.524
79.246	32.45	3.652	209.031	11.215	7.633	21.065	266.885	2.524
74.026	32.45	3.678	209.031	11.215	7.633	21.065	255.728	2.553
72.655	32.45	3.68	209.031	11.427	7.832	21.065	252.798	2.56
74.703	32.45	3.68	209.022	11.483	7.885	21.203	252.798	2.56
75.24	32.45	3.68	209.02	11.483	7.885	21.239	263.855	2.56
75.787	32.45	3.68	209.02	11.483	7.885	21.239	266.759	2.56
75.931	32.45	3.68	209.02	11.483	7.885	21.239	266.759	2.569
67.692	78.661	3.85	217.01	58.742	38.214	19.263	210.452	2.512
67.692	78.661	3.85	217.01	59.94	39.746	15.203	212.981	2.583
55.747	78.661	3.85	217.01	55.629	44.134	11.565	216.664	2.647
45.041	78.661	3.941	217.166	51.765	48.067	11.565	219.966	2.647
45.041	78.661	4.023	217.306	51.765	48.067	11.565	219.966	2.647
45.041	78.661	4.023	217.306	51.765	48.067	11.393	218.588	2.647
42.754	78.661	4.023	217.306	62.994	68.516	11.239	217.354	2.646
40.704	78.661	4.023	217.306	73.06	86.844	11.239	217.354	2.645
40.704	78.661	4.023	217.335	73.06	86.844	11.239	217.354	2.645
40.704	78.661	4.023	217.36	73.06	86.844	11.239	217.354	2.648
40.488	78.661	4.022	217.36	93.663	95.205	10.312	211.315	2.652
40.294	78.661	4.022	217.36	112.129	102.698	9.481	205.902	2.653
40.294	109.133	4.022	217.36	112.129	102.698	9.481	205.902	2.653
40.174	109.133	4.022	217.36	151.433	119.753	9.47	205.325	2.653
40.066	109.133	4.022	217.36	186.66	135.039	9.46	204.808	2.653
40.066	109.133	4.022	217.36	186.66	135.039	9.46	204.808	2.653
40.066	109.133	4.022	217.462	186.66	135.039	9.46	204.535	2.653
40.066	109.133	4.022	217.554	179.895	133.242	9.538	204.291	2.653
38.962	109.133	4.022	217.554	173.831	131.632	9.607	204.291	2.653
37.972	109.133	3.981	217.554	173.831	131.632	9.607	204.291	2.652
37.972	109.133	3.944	217.56	173.831	131.632	9.607	204.291	2.651
37.972	109.133	3.944	217.565	157.32	121.936	9.607	204.291	2.652
38.297	109.133	3.944	217.565	142.521	113.244	9.718	204.857	2.653
38.589	109.133	3.944	217.57	142.521	113.244	9.764	205.364	2.653
38.589	109.133	3.944	217.575	162.746	128.39	9.717	203.861	2.655
38.589	109.133	3.927	217.575	180.874	141.965	9.754	203.026	2.656
38.589	109.133	3.913	217.575	180.874	141.965	9.787	203.485	2.656
38.589	27.748	3.913	217.582	158.763	118.524	9.787	203.485	2.656
38.589	27.748	3.913	217.588	138.945	97.513	9.787	203.485	2.654
38.264	27.748	3.913	217.588	124.214	86.105	9.908	205.791	2.652
37.972	27.748	3.913	217.588	111.011	75.88	10.016	207.858	2.652
37.972	32.936	3.887	217.582	111.011	75.88	10.016	207.858	2.652
39.078	32.936	3.864	217.577	111.011	75.88	10.016	207.858	2.651
40.07	32.936	3.864	217.577	99.369	63.914	10.096	210.063	2.65
40.07	32.936	3.907	217.577	88.935	53.189	10.168	212.04	2.65
40.07	30.865	3.945	217.567	88.935	53.189	10.168	212.04	2.65
41.264	30.865	3.945	217.559	88.935	53.189	10.168	212.04	2.65
42.335	30.865	3.945	217.61	86.052	50.445	10.309	211.212	2.65
42.335	30.865	3.998	217.656	83.469	47.985	10.435	210.47	2.642
42.335	29.387	4.045	217.656	83.469	47.985	10.435	210.47	2.635
42.335	29.387	4.045	217.656	83.469	47.985	10.435	210.47	2.635
43.04	29.387	4.086	217.656	83.469	47.985	10.668	213.784	2.635
43.671	29.387	4.117	217.656	88.8	50.918	10.876	216.755	2.635
43.671	27.531	4.118	217.68	93.579	53.547	10.876	216.755	2.63
43.671	27.531	4.123	217.702	93.579	53.547	10.876	216.755	2.625
51.279	24.867	2.962	208.096	15.663	21.849	10.417	245.036	2.642
48.102	24.867	3.009	207.99	15.663	21.849	10.417	245.036	2.642
45.612	24.867	3.017	207.907	15.663	21.849	10.258	245.036	2.648
45.612	24.867	3.017	207.907	16.923	23.706	10.133	245.036	2.653
44.851	27.083	3.06	207.907	17.911	25.162	10.133	245.036	2.653
44.254	27.083	3.068	207.897	18.236	25.705	10.133	226.233	2.653
44.254	27.083	3.068	207.889	18.491	26.132	10.133	211.493	2.653
44.254	27.083	3.178	207.889	18.491	26.132	10.133	211.351	2.661
42.829	23.183	3.196	207.889	18.936	26.694	10.133	211.24	2.667
41.713	23.183	3.074	207.828	19.285	27.135	10.133	211.914	2.667
43.088	23.183	3.053	207.779	20.055	28.397	9.559	212.443	2.663
44.166	23.183	3.053	207.779	20.659	29.386	9.352	212.443	2.659
44.166	22.396	3.053	207.779	20.659	29.386	9.542	215.965	2.659
44.166	22.396	2.965	207.772	20.688	28.624	9.542	218.727	2.658
46.377	22.396	2.95	207.766	20.711	28.026	9.542	218.727	2.653
48.111	22.396	2.95	207.766	20.711	28.026	9.663	218.727	2.65
48.111	21.774	2.95	207.766	19.679	24.8	9.758	219.224	2.65
48.111	21.774	2.95	207.787	18.87	22.271	9.758	219.613	2.649
48.111	21.774	2.95	207.803	21.245	24.051	9.758	219.613	2.648
48.111	21.774	2.95	207.803	23.107	25.446	9.758	219.613	2.648
48.111	21.774	2.95	207.803	23.107	25.446	9.758	219.613	2.648
48.111	19.794	3.185	207.803	23.107	25.446	9.758	221.504	2.648
47.309	19.794	3.224	207.803	23.107	25.446	9.758	222.986	2.658
46.681	19.794	3.224	207.842	25.849	28.391	9.195	222.986	2.666
46.681	19.794	3.224	207.873	28.0	30.699	8.755	222.986	2.666
46.681	19.794	3.224	207.873	28.0	30.699	8.755	222.986	2.666
46.681	19.794	3.589	207.852	28.0	30.699	8.755	222.986	2.666
46.681	19.794	3.65	207.836	28.0	29.988	8.755	222.986	2.666
46.681	11.053	3.65	207.836	26.619	29.431	8.755	225.145	2.674
45.277	11.053	3.65	207.825	25.537	29.431	9.168	226.837	2.68
44.177	11.053	3.65	207.816	25.537	29.431	9.493	226.837	2.68
44.177	11.053	3.271	207.526	25.537	29.431	9.493	226.837	2.68
44.177	10.658	3.207	207.298	25.537	29.431	9.493	226.837	2.663
52.079	10.658	3.207	207.298	23.12	21.874	9.493	226.837	2.649
58.274	10.658	3.207	207.298	21.224	15.949	10.01	225.894	2.649
58.274	10.658	3.048	207.298	21.224	15.949	10.415	222.263	2.649
60.572	18.53	3.822	224.777	167.545	64.933	8.032	227.176	2.662
60.572	18.53	3.822	224.822	168.097	115.514	8.032	225.532	2.662
60.506	18.53	3.822	225.334	174.439	115.514	8.027	225.532	2.662
59.745	19.527	3.911	225.334	174.439	115.514	7.972	225.532	2.662
59.745	19.527	4.008	225.334	177.571	115.514	7.972	225.532	2.662
59.745	19.527	4.008	225.334	213.556	119.856	7.972	225.353	2.657
59.745	19.527	4.008	225.334	213.556	169.743	7.972	223.299	2.657
59.985	19.214	4.088	225.334	213.556	169.743	7.972	223.299	2.657
62.741	19.214	4.174	225.334	214.926	170.017	7.972	223.299	2.657
62.741	19.214	4.174	225.334	230.656	173.164	7.985	223.3	2.657
62.741	19.214	4.174	225.334	230.656	173.164	8.143	223.312	2.658
63.318	17.288	4.174	225.334	224.076	167.617	8.143	223.457	2.658
69.946	17.288	4.054	225.523	148.476	103.89	8.143	225.114	2.658
69.763	17.288	3.918	227.691	151.637	103.89	8.165	225.164	2.657
67.66	17.288	3.911	227.691	187.956	105.367	8.414	225.741	2.651
67.59	17.288	3.868	227.692	186.429	122.063	8.396	225.783	2.651
66.781	17.288	3.82	227.699	168.949	118.736	8.184	226.272	2.65
66.781	17.288	3.82	227.701	169.624	116.356	8.184	226.316	2.647
66.142	17.288	3.82	227.72	169.624	116.559	8.184	226.816	2.647
58.799	16.309	3.783	227.722	171.658	118.891	8.184	226.816	2.647
58.799	16.309	3.743	227.752	195.028	118.891	8.184	226.816	2.647
58.799	16.309	3.743	227.752	192.934	121.205	8.169	226.672	2.647
58.799	16.309	3.743	227.755	168.881	147.793	8.001	225.02	2.647
58.503	17.814	3.802	227.797	172.58	150.963	8.001	225.02	2.647
55.105	17.814	3.865	227.797	215.066	187.373	8.001	225.02	2.652
55.105	17.814	3.865	227.797	215.066	187.373	8.001	224.77	2.652
55.105	17.814	3.865	227.796	215.445	188.013	8.001	221.954	2.652
55.105	18.233	3.748	227.78	219.798	195.356	8.001	222.501	2.652
55.105	18.233	3.621	227.78	217.541	192.862	8.01	222.501	2.652
55.294	18.233	3.621	227.78	191.622	164.214	8.119	222.665	2.652
57.467	18.233	3.621	227.78	191.622	164.214	8.119	224.557	2.645
57.467	18.536	3.621	227.776	188.86	161.579	8.119	224.557	2.645
57.467	18.536	3.419	227.732	157.14	131.311	8.119	224.945	2.645
57.467	18.536	3.2	227.732	157.14	131.311	8.119	229.405	2.645
58.037	18.536	3.2	227.732	157.14	131.311	8.119	229.436	2.644
64.584	19.974	3.2	227.732	157.14	131.311	8.119	229.799	2.639
64.584	19.974	3.2	227.73	159.839	134.431	8.144	229.799	2.639
64.584	19.974	3.2	227.7	190.853	170.267	8.427	229.819	2.639
64.353	19.974	3.2	227.7	190.853	170.267	8.427	230.049	2.639
61.705	19.974	3.2	227.7	190.853	170.267	8.427	230.049	2.639
61.768	19.974	3.2	227.7	189.8	169.426	8.427	230.049	2.64
62.486	19.974	3.2	227.699	177.697	159.771	8.387	230.049	2.64
62.486	19.974	3.506	227.682	177.697	159.771	7.935	229.826	2.64
62.367	18.914	3.841	227.682	177.697	159.771	7.935	227.265	2.64
61.003	18.914	3.846	227.674	177.697	159.771	7.935	227.265	2.64
61.003	18.914	3.92	227.582	177.697	159.771	7.935	227.265	2.64
61.003	18.914	4.0	227.56	174.243	157.075	7.935	227.198	2.64
61.003	17.933	4.0	227.56	134.559	126.11	8.342	226.432	2.641
61.003	17.933	4.0	227.56	134.559	126.11	13.023	226.432	2.643
60.747	17.933	4.0	227.565	137.243	128.016	13.023	226.306	2.643
57.803	17.933	4.061	227.565	168.081	149.909	13.023	224.859	2.643
57.803	20.383	4.128	227.565	168.081	149.909	13.023	224.945	2.643
57.803	20.383	4.128	227.565	168.081	149.909	13.023	225.935	2.643
37.054	17.827	3.277	208.988	35.004	19.401	10.468	216.095	2.639
40.511	16.563	3.277	208.988	32.489	18.851	10.987	223.006	2.638
40.511	16.563	3.277	208.988	32.489	18.851	11.395	228.425	2.638
40.511	16.563	3.26	208.988	32.489	18.851	11.395	228.425	2.638
40.511	16.563	3.257	208.988	32.489	18.851	11.395	228.425	2.638
44.433	16.563	3.257	208.988	36.627	26.049	11.039	228.425	2.647
47.507	19.759	3.529	208.806	39.871	31.691	10.76	223.834	2.653
47.507	19.759	3.575	208.664	39.871	31.691	10.76	220.235	2.653
47.507	19.759	3.575	208.664	47.755	40.027	10.76	220.235	2.653
37.767	19.759	3.716	208.664	53.935	46.562	10.76	211.535	2.681
30.13	19.759	3.74	208.664	53.935	46.562	8.763	204.714	2.702
29.992	19.759	3.74	208.664	49.064	43.437	7.197	204.714	2.694
29.883	19.759	3.74	208.664	45.245	40.986	7.201	205.432	2.688
29.883	29.792	3.909	208.664	45.245	40.986	7.204	205.995	2.688
29.883	29.792	3.938	208.372	45.403	42.064	7.204	207.615	2.688
29.883	29.792	3.938	208.143	45.527	42.908	7.204	208.886	2.688
31.251	29.792	3.938	208.143	45.266	43.443	7.457	211.153	2.688
32.323	29.792	3.938	208.143	45.061	43.862	7.656	212.93	2.677
32.323	30.887	3.938	208.138	41.802	41.021	7.656	214.716	2.669
32.323	30.887	3.938	208.134	39.247	38.794	7.656	216.116	2.669
33.095	30.887	3.511	208.134	39.247	38.794	7.656	216.116	2.669
33.7	30.887	3.439	208.099	36.358	38.209	8.954	219.116	2.657
33.7	29.842	3.439	208.072	34.094	37.75	9.973	221.467	2.647
33.7	29.842	3.439	208.072	34.094	37.75	9.973	221.467	2.647
33.7	29.842	3.439	208.065	30.058	33.388	9.973	221.467	2.647
36.11	29.842	3.387	208.06	26.894	29.967	10.432	221.467	2.645
37.998	26.901	3.378	208.06	26.894	29.967	10.792	221.467	2.643
37.998	26.901	3.378	208.027	26.894	29.967	10.792	227.314	2.643
37.998	26.901	3.378	208.001	26.894	29.967	10.792	231.897	2.643
37.998	26.901	3.218	208.001	20.759	24.383	10.902	231.897	2.641
41.913	23.553	3.191	208.002	15.95	20.004	10.988	229.57	2.64
44.982	23.553	3.191	208.003	15.95	20.004	10.988	227.746	2.64
44.982	23.553	3.191	208.003	15.95	20.004	10.988	227.746	2.64
44.982	23.553	3.191	207.982	17.977	23.364	10.988	221.035	2.65
44.982	22.205	3.191	207.966	19.566	25.997	9.651	215.774	2.658
46.843	22.205	3.195	207.966	19.566	25.997	8.603	215.774	2.658
48.301	22.205	3.196	207.966	19.566	25.997	8.603	215.774	2.661
48.301	22.205	3.196	207.966	19.509	25.782	8.465	214.977	2.663
48.301	27.684	3.196	207.966	19.465	25.613	8.357	214.353	2.663
48.301	27.684	3.196	207.966	20.426	27.604	8.357	214.353	2.669
48.301	27.684	3.26	207.93	21.181	29.165	8.357	211.076	2.673
48.301	27.684	3.27	207.902	21.181	29.165	8.357	208.506	2.673
45.822	25.551	3.27	207.902	22.476	31.715	8.357	208.506	2.676
43.879	25.551	3.43	207.843	23.492	33.714	8.357	206.284	2.679
43.879	25.551	3.457	207.797	23.492	33.714	8.357	204.542	2.679
43.879	25.551	3.457	207.792	23.492	33.714	7.916	204.542	2.685
43.879	25.551	3.323	207.787	24.2	34.736	7.57	204.338	2.69
42.541	25.551	3.301	207.787	24.754	35.538	7.57	204.178	2.686
41.493	25.551	3.301	207.787	24.754	35.538	7.57	204.178	2.683
41.493	25.551	3.301	207.81	24.419	34.958	7.845	206.187	2.683
44.812	23.176	3.301	207.828	24.156	34.504	8.06	207.762	2.683
47.415	23.176	3.121	207.828	24.156	34.504	8.06	207.762	2.683
47.415	23.176	3.091	207.889	23.101	32.055	8.06	207.762	2.676
47.628	23.176	3.091	207.936	22.274	30.136	8.27	209.12	2.67
47.796	25.014	3.091	207.936	22.274	30.136	8.435	210.185	2.67
47.796	25.014	3.091	207.936	22.274	30.136	8.435	210.185	2.67
47.796	25.014	2.862	207.951	20.797	26.268	8.435	210.185	2.67
45.793	25.014	2.823	207.963	19.64	23.236	8.435	213.502	2.654
44.222	28.285	2.823	207.963	19.64	23.236	8.435	216.104	2.64
44.222	28.285	2.823	207.963	21.445	25.401	8.837	216.104	2.638
44.222	28.285	2.823	207.953	22.86	27.099	9.153	216.563	2.637
43.926	28.285	2.823	207.945	22.86	27.099	9.153	216.923	2.637
43.695	28.285	2.824	207.945	23.451	27.766	9.155	216.923	2.637
45.303	28.285	2.825	207.913	23.914	28.289	9.157	217.194	2.637
46.565	28.285	2.825	207.888	23.914	28.289	9.162	217.406	2.638
46.565	28.285	2.825	207.888	25.425	30.687	9.166	217.406	2.638
47.254	28.285	2.82	207.874	26.609	32.567	9.036	215.94	2.638
47.795	28.285	2.819	207.863	26.609	32.567	8.934	214.791	2.648
47.795	28.285	2.819	207.863	25.422	30.498	8.934	214.791	2.657
47.795	28.285	2.999	207.865	24.492	28.877	8.934	214.043	2.658
47.795	28.285	3.03	207.867	25.212	29.787	8.767	212.505	2.658
47.795	28.285	3.03	207.867	25.776	30.502	8.636	211.758	2.658
48.354	28.285	3.086	207.867	27.079	32.462	8.636	211.758	2.658
48.793	28.285	3.096	207.867	28.101	33.999	8.636	210.383	2.658
48.793	24.076	3.278	207.853	28.101	33.999	8.636	209.305	2.658
46.874	24.076	3.309	207.842	28.101	33.999	8.636	209.305	2.658
45.37	24.076	3.309	207.842	27.261	32.466	8.494	209.305	2.664
45.37	24.076	3.371	207.837	26.603	31.265	8.383	213.173	2.669
45.37	25.82	3.382	207.833	26.603	31.265	8.383	216.206	2.669
45.37	25.82	3.382	207.833	26.603	31.265	8.383	222.43	2.669
45.37	25.82	3.382	207.833	26.603	31.265	8.383	227.31	2.677
44.225	25.82	3.382	207.833	24.086	31.77	8.49	227.31	2.684
43.327	25.82	3.56	207.833	22.112	32.167	8.573	227.31	2.684
43.327	27.9	3.59	207.833	22.112	32.167	8.573	234.167	2.684
42.124	27.9	3.59	207.833	22.112	32.167	8.573	239.542	2.688
41.181	27.9	3.634	207.85	22.021	35.836	8.573	239.542	2.691
41.181	27.9	3.642	207.864	21.949	38.713	8.573	239.542	2.685
43.034	63.94	4.504	216.79	52.926	65.44	9.735	205.023	2.65
43.034	63.94	4.504	216.79	52.926	65.44	9.735	205.023	2.65
43.034	63.94	4.514	216.79	52.926	65.44	9.735	205.023	2.65
41.912	76.476	4.524	216.788	52.926	65.44	9.735	205.023	2.649
40.906	76.476	4.524	216.786	58.215	70.939	9.546	205.154	2.649
40.906	76.476	4.535	216.786	62.956	75.867	9.377	205.272	2.648
41.462	76.476	4.546	216.786	62.956	75.867	9.583	205.272	2.647
41.961	92.816	4.529	216.786	62.438	76.501	9.767	204.795	2.647
41.961	92.816	4.517	216.786	61.974	77.069	9.767	204.367	2.645
42.386	92.816	4.521	216.809	61.974	77.069	9.767	204.651	2.643
42.767	92.816	4.521	216.829	59.904	74.538	9.767	206.124	2.643
42.767	79.072	4.521	216.829	58.048	72.27	9.855	207.217	2.643
42.767	79.072	4.521	216.829	54.3	65.151	9.933	208.612	2.64
42.767	79.072	4.478	216.829	50.94	58.77	9.933	209.863	2.638
42.767	79.072	4.439	216.85	48.432	54.676	9.933	209.863	2.638
44.02	77.759	4.439	216.868	46.184	51.007	9.933	209.863	2.638
45.143	77.759	4.439	216.868	46.184	51.007	10.385	210.805	2.638
64.967	11.655	3.552	215.284	39.254	26.186	9.546	242.391	2.585
64.967	12.37	3.552	215.284	39.254	26.186	9.546	242.391	2.585
64.967	12.37	3.273	215.313	50.298	37.972	9.546	240.116	2.585
64.967	12.37	3.203	215.32	53.114	40.976	9.546	239.535	2.585
64.967	12.37	3.203	215.32	53.114	40.976	9.546	239.535	2.585
64.967	12.37	3.203	215.32	53.114	40.976	9.546	239.535	2.585
64.967	12.37	3.203	215.32	53.114	40.976	9.546	239.535	2.585
64.967	12.37	3.203	215.32	53.114	40.976	9.546	239.535	2.585
64.967	12.37	3.203	215.32	53.114	40.976	9.546	239.535	2.585
64.967	12.105	3.203	215.32	53.114	40.976	9.546	239.535	2.585
64.967	12.105	3.203	215.32	53.114	40.976	9.546	239.535	2.585
64.967	12.105	3.19	215.32	48.023	37.992	9.69	239.535	2.585
64.967	12.105	3.187	215.181	46.725	37.232	9.727	239.535	2.585
64.967	12.105	3.187	215.145	46.725	37.232	9.727	239.535	2.585
64.967	12.105	3.187	215.145	46.725	37.232	9.727	239.535	2.585
64.967	12.105	3.187	215.145	46.725	37.232	9.727	239.535	2.585
64.967	12.105	3.187	215.145	46.725	37.232	9.727	239.535	2.585
64.967	12.105	3.187	215.145	46.725	37.232	9.727	239.535	2.585
64.967	12.105	3.187	215.145	46.725	37.232	9.727	239.535	2.585
64.967	12.105	3.187	215.145	46.725	37.232	9.727	239.535	2.585
66.586	12.105	3.069	215.145	44.977	35.536	10.019	235.225	2.608
66.999	12.105	3.039	215.314	44.532	35.103	10.094	234.126	2.615
66.999	12.105	3.039	215.356	44.532	35.103	10.094	234.126	2.615
66.999	12.105	3.039	215.356	44.532	35.103	10.094	234.126	2.615
66.999	12.105	3.039	215.356	44.532	35.103	10.094	234.126	2.615
66.999	10.705	3.039	215.356	44.532	35.103	10.094	234.126	2.615
66.999	10.705	3.039	215.356	44.532	35.103	10.094	234.126	2.615
71.71	15.503	3.39	220.369	24.972	26.598	19.176	229.435	2.481
71.705	14.492	3.39	220.369	25.356	30.832	19.176	229.435	2.481
71.646	14.492	3.39	220.404	25.44	31.098	18.577	229.435	2.481
71.646	14.492	3.39	220.814	26.405	34.15	11.696	229.958	2.481
71.555	14.492	3.39	220.814	26.405	34.15	11.696	236.047	2.481
70.51	14.492	3.39	220.814	26.309	34.066	11.696	236.948	2.492
70.51	14.492	3.39	220.814	25.201	33.1	11.684	236.948	2.622
70.588	14.492	3.39	220.813	25.269	33.223	11.548	236.677	2.622
71.488	15.055	3.39	220.796	26.043	34.637	11.496	233.563	2.622
71.388	15.055	3.332	220.796	26.043	34.637	10.903	233.74	2.622
70.233	15.055	3.268	220.796	26.167	34.935	10.903	235.767	2.622
70.233	15.055	3.268	220.796	27.586	38.358	10.903	235.767	2.623
70.003	15.055	3.268	220.796	27.741	39.03	10.994	236.34	2.623
67.36	15.925	3.268	220.793	29.513	46.754	12.033	242.917	2.623
67.36	15.925	3.268	220.76	29.513	46.754	12.033	242.917	2.624
67.36	15.925	3.268	220.76	29.628	47.395	12.033	242.917	2.634
67.36	15.925	3.164	220.76	30.947	54.76	12.033	241.625	2.631
67.36	13.434	3.052	220.751	30.947	54.76	12.033	226.786	2.606
67.36	13.434	3.052	220.652	30.995	53.366	12.033	228.044	2.606
67.36	13.434	3.052	220.652	31.54	37.351	12.033	242.494	2.606
67.36	13.434	3.052	220.652	31.54	37.351	12.033	242.494	2.606
67.36	10.865	3.014	220.648	31.54	37.351	12.033	242.494	2.606
66.968	10.865	2.973	220.593	31.117	36.55	12.131	242.494	2.603
29.668	18.07	3.845	202.273	68.375	56.405	8.701	223.773	2.666
29.668	15.977	3.845	202.273	68.375	56.405	8.701	223.773	2.666
29.668	15.977	3.854	202.276	68.375	56.405	8.731	221.139	2.681
29.435	15.977	3.859	202.277	68.375	56.405	8.746	219.852	2.689
29.321	15.977	3.859	202.277	65.494	61.678	8.746	219.852	2.689
29.321	15.977	3.733	202.277	64.087	64.254	8.746	219.852	2.689
29.321	15.977	3.672	202.276	64.087	64.254	8.746	222.189	2.689
36.33	15.977	3.672	202.275	64.087	64.254	8.905	223.331	2.684
39.753	14.943	3.663	202.264	64.087	64.254	8.983	223.331	2.682
39.753	14.943	3.659	202.259	56.723	58.404	8.983	225.322	2.682
39.753	14.943	3.659	202.259	53.128	55.548	8.983	226.294	2.682
41.372	14.943	3.659	202.259	53.128	55.548	8.983	226.294	2.681
42.162	14.943	3.659	202.251	53.128	55.548	9.19	231.469	2.68
42.162	14.165	3.659	202.247	51.098	57.901	9.291	233.996	2.678
42.162	14.165	3.659	202.247	50.107	59.051	9.291	233.996	2.676
42.162	14.165	3.659	202.252	50.107	59.051	9.291	232.385	2.676
42.162	14.165	3.659	202.254	50.107	59.051	9.291	231.599	2.679
42.162	14.165	3.659	202.254	50.107	59.051	9.291	231.475	2.68
42.162	14.165	3.659	202.254	50.107	59.051	9.291	231.414	2.68
42.162	14.165	3.758	202.266	50.107	59.051	9.272	229.391	2.68
43.012	14.165	3.807	202.273	50.107	59.051	9.262	228.403	2.68
43.428	16.476	3.807	202.273	54.249	66.06	9.262	228.403	2.684
43.428	16.476	3.949	202.273	56.272	69.483	9.262	225.343	2.685
43.428	16.476	4.018	202.263	66.287	80.308	9.262	223.849	2.685
37.129	16.476	4.018	202.258	71.178	85.595	8.481	223.849	2.685
34.053	16.075	4.018	202.258	71.178	85.595	8.099	223.849	2.685
34.053	16.075	4.018	202.258	74.81	90.265	8.028	218.793	2.692
32.616	16.075	4.018	202.258	76.584	92.546	7.994	215.99	2.693
31.914	16.075	4.018	202.258	85.985	104.425	7.994	215.826	2.692
31.914	16.075	4.018	202.258	90.576	110.226	7.994	215.605	2.692
31.914	16.459	4.018	202.248	90.576	110.226	7.994	215.497	2.69
31.914	16.459	4.128	202.244	95.897	118.284	7.994	215.782	2.69
31.914	14.695	4.181	202.244	98.495	122.219	7.994	215.921	2.69
29.755	14.695	4.181	202.244	106.387	133.245	7.994	215.921	2.69
28.7	14.695	4.181	202.239	110.241	138.63	7.806	217.242	2.69
28.7	14.695	4.181	202.237	114.746	145.78	7.714	217.886	2.692
32.824	14.695	4.181	202.237	116.947	149.272	7.86	217.886	2.693
34.838	13.565	4.313	202.237	116.947	149.272	7.932	217.913	2.693
34.838	13.565	4.378	202.237	120.131	154.235	7.932	217.926	2.693
34.838	13.565	4.378	202.251	121.686	156.659	7.932	217.926	2.693
37.194	13.565	4.378	202.258	121.686	156.659	8.019	217.926	2.693
38.344	13.565	4.141	202.258	104.266	125.53	8.062	217.717	2.688
38.344	13.565	4.026	202.258	94.196	105.477	8.062	217.615	2.686
38.344	13.565	4.026	202.257	93.434	103.109	8.062	217.615	2.686
38.344	13.565	4.026	202.256	93.434	103.109	8.062	217.615	2.686
38.344	13.743	3.997	202.256	93.434	103.109	8.146	217.615	2.686
42.732	13.743	3.849	202.256	103.14	114.512	8.187	217.284	2.681
44.875	13.743	3.783	202.259	107.88	120.08	8.187	217.122	2.679
44.875	13.743	3.783	202.261	129.783	141.688	8.187	217.122	2.679
44.875	13.743	3.783	202.261	140.48	152.24	7.93	217.358	2.683
36.051	13.743	3.717	202.258	140.48	152.24	7.805	217.473	2.685
31.742	13.743	3.685	202.257	140.48	152.24	7.805	217.473	2.685
31.742	13.743	3.685	202.257	159.986	177.017	7.805	217.473	2.685
31.742	13.743	3.685	202.26	213.854	245.796	7.805	218.862	2.685
29.146	13.743	3.724	202.262	235.509	273.476	8.59	219.54	2.685
70.309	15.06	3.235	215.414	74.754	75.646	7.935	230.113	2.602
69.829	15.06	3.252	215.422	74.754	75.646	8.37	229.9	2.602
69.829	15.06	3.252	215.422	74.754	75.646	8.37	229.9	2.602
69.829	15.06	3.252	215.422	74.754	75.646	8.37	229.9	2.602
69.829	15.06	3.252	215.422	74.754	75.646	8.37	229.9	2.602
69.829	15.06	3.252	215.422	74.754	75.646	8.37	229.9	2.602
69.829	15.06	3.252	215.422	74.754	75.646	8.37	229.9	2.602
69.829	15.06	3.252	215.422	74.754	75.646	8.37	229.9	2.602
69.829	15.06	3.252	215.422	77.229	75.646	8.37	229.9	2.602
69.829	15.06	3.252	215.422	77.86	73.501	8.37	229.9	2.602
69.829	15.06	3.252	215.422	77.86	72.954	8.37	229.9	2.602
69.829	15.06	3.252	215.422	77.86	72.954	8.37	229.9	2.602
69.829	15.06	3.252	215.422	77.86	72.954	8.37	229.9	2.602
69.829	15.06	3.252	215.422	77.86	72.954	8.37	229.9	2.602
69.829	15.48	3.252	215.422	77.86	72.954	8.37	229.9	2.602
69.829	15.48	3.252	215.422	77.86	72.954	8.37	229.9	2.602
69.829	15.48	3.252	215.422	77.86	72.954	8.37	229.9	2.602
69.829	15.48	3.252	215.422	77.86	72.954	8.37	229.9	2.602
67.049	15.48	3.62	215.422	75.087	67.987	8.37	229.852	2.602
